0.03251781687140465 -0.09206409752368927 1.724124789237976 eye_left
-0.03251412883400917 -0.09206409752368927 1.724124789237976 eye_right
1.8887220676333527e-06 -0.1012512668967247 1.750259280204773 forehead
1.8253921325595002e-06 -0.12609446048736572 1.68998122215271 nose
0.08636102825403214 0.019223010167479515 1.7096010446548462 ear_left
-0.08636102825403214 0.019223010167479515 1.7096010446548462 ear_right
1.7359851653964142e-06 -0.10480757057666779 1.6092125177383423 chin
-0.04848146811127663 -0.0921434685587883 1.681872010231018 cheek_right
0.04848146811127663 -0.0921434685587883 1.681872010231018 cheek_left
0.0 -0.12200000137090683 1.4764772653579712 chest
0.00037793812225572765 0.14830821752548218 1.7400230169296265 helmet_back
0.1412997841835022 0.07311679422855377 1.6007524728775024 shoulder_left
-0.1901022344827652 0.06232324242591858 1.576448917388916 shoulder_right
-0.011959480121731758 -4.653604984283447 1.5296566486358643 eye_left.001
-0.06736398488283157 -4.622915744781494 1.5444097518920898 eye_right.001
-0.0442025288939476 -4.656318187713623 1.5575443506240845 forehead.001
-0.05782800912857056 -4.650399208068848 1.4940625429153442 nose.001
0.09202311933040619 -4.5865607261657715 1.543350100517273 ear_left.001
-0.05512887239456177 -4.5050506591796875 1.5825337171554565 ear_right.001
-0.047514721751213074 -4.600107192993164 1.4281760454177856 chin.001
-0.08144350349903107 -4.597776412963867 1.5096242427825928 cheek_right.001
0.001164877787232399 -4.643534183502197 1.4876272678375244 cheek_left.001
-0.06396449357271194 -4.586303234100342 1.285671353340149 chest.001
0.08665914833545685 -4.458507061004639 1.6358438730239868 helmet_back.001
0.16422578692436218 -4.5376763343811035 1.4404487609863281 shoulder_left.001
-0.10462305694818497 -4.375669479370117 1.5070877075195312 shoulder_right.001
-0.06625096499919891 -4.175120830535889 1.3509554862976074 eye_left.002
-0.11884909123182297 -4.14032506942749 1.3668252229690552 eye_right.002
-0.10308012366294861 -4.179670810699463 1.3721123933792114 forehead.002
-0.10408268123865128 -4.1538801193237305 1.3122419118881226 nose.002
0.041483961045742035 -4.13445520401001 1.3982247114181519 ear_left.002
-0.09821441024541855 -4.042039394378662 1.4403741359710693 ear_right.002
-0.07544335722923279 -4.089883327484131 1.2668447494506836 chin.002
-0.12294280529022217 -4.1043524742126465 1.3398163318634033 cheek_right.002
-0.04451875388622284 -4.156232833862305 1.3161544799804688 cheek_left.002
-2.2165477275848389e-07 -4.119302272796631 1.153112530708313 chest.002
0.03647539019584656 -4.038597583770752 1.523794412612915 helmet_back.002
0.1525934338569641 -3.990093946456909 1.350084662437439 shoulder_left.002
-0.17358869314193726 -3.9787039756774902 1.345809817314148 shoulder_right.002
-0.15433219075202942 -3.7211732864379883 1.3884806632995605 eye_left.003
-0.21936413645744324 -3.7211732864379883 1.3884806632995605 eye_right.003
-0.18684811890125275 -3.7354543209075928 1.4122183322906494 forehead.003
-0.18684817850589752 -3.747598886489868 1.3481626510620117 nose.003
-0.10048902034759521 -3.609247922897339 1.3967537879943848 ear_left.003
-0.2732110619544983 -3.609248161315918 1.3967537879943848 ear_right.003
-0.18684826791286469 -3.7104241847991943 1.2733646631240845 chin.003
-0.2353314757347107 -3.712709903717041 1.3470841646194458 cheek_right.003
-0.13836854696273804 -3.712709665298462 1.3470841646194458 cheek_left.003
-0.186849907040596 -3.629373073577881 1.084965467453003 chest.003
-0.18647214770317078 -3.4889776706695557 1.452642560005188 helmet_back.003
-0.03047214448451996 -3.539511203765869 1.308288335800171 shoulder_left.003
-0.3678221106529236 -3.5275254249572754 1.300842523574829 shoulder_right.003
0.10400057584047318 -3.293773651123047 1.4299334287643433 eye_left.004
0.041608285158872604 -3.3064613342285156 1.443176507949829 eye_right.004
0.0804266557097435 -3.3136684894561768 1.4594829082489014 forehead.004
0.06973328441381454 -3.326799154281616 1.3965235948562622 nose.004
0.13553667068481445 -3.1733572483062744 1.4294712543487549 ear_left.004
-0.030174575746059418 -3.20705509185791 1.464644432067871 ear_right.004
0.047239888459444046 -3.291771411895752 1.3241093158721924 chin.004
0.016199976205825806 -3.3020660877227783 1.4060907363891602 cheek_right.004
0.10922717303037643 -3.283148765563965 1.3863451480865479 cheek_left.004
0.002751680091023445 -3.129664897918701 1.150999665260315 chest.004
0.04100402072072029 -3.0711300373077393 1.5042694807052612 helmet_back.004
0.18264998495578766 -3.0943868160247803 1.3605878353118896 shoulder_left.004
-0.1633422076702118 -3.132899761199951 1.3765673637390137 shoulder_right.004
-0.05669821798801422 -2.589411497116089 1.6256524324417114 eye_left.005
-0.11940384656190872 -2.5725245475769043 1.6221903562545776 eye_right.005
-0.09284480661153793 -2.5938358306884766 1.6479806900024414 forehead.005
-0.09315010160207748 -2.608015775680542 1.5843451023101807 nose.005
0.024090878665447235 -2.49507474899292 1.633933186531067 ear_left.005
-0.14245256781578064 -2.450223445892334 1.624738097190857 ear_right.005
-0.08008886128664017 -2.575017213821411 1.5087326765060425 chin.005
-0.1307353675365448 -2.5618011951446533 1.5798007249832153 cheek_right.005
-0.037240978330373764 -2.586979866027832 1.5849627256393433 cheek_left.005
-0.11891021579504013 -2.5291826725006104 1.319416880607605 chest.005
-0.029896020889282227 -2.3545479774475098 1.6820908784866333 helmet_back.005
0.10688591748476028 -2.5182793140411377 1.5038247108459473 shoulder_left.005
-0.17968279123306274 -2.333770275115967 1.5288130044937134 shoulder_right.005
0.0706009566783905 -2.1520581245422363 1.4515117406845093 eye_left.006
0.005900055170059204 -2.157094717025757 1.4557048082351685 eye_right.006
0.04100418835878372 -2.1725544929504395 1.4745038747787476 forehead.006
0.03689023107290268 -2.1738650798797607 1.4094500541687012 nose.006
0.11747930943965912 -2.0392279624938965 1.4753159284591675 ear_left.006
-0.054363518953323364 -2.0526046752929688 1.4864524602890015 ear_right.006
0.028725404292345047 -2.1249072551727295 1.342270016670227 chin.006
-0.013712175190448761 -2.143141508102417 1.4174827337265015 cheek_right.006
0.08275717496871948 -2.135632038116455 1.4112309217453003 cheek_left.006
0.00016631558537483215 -2.037224292755127 1.162750482559204 chest.006
0.028345884755253792 -1.9369243383407593 1.556376338005066 helmet_back.006
0.17858152091503143 -1.9423627853393555 1.3816503286361694 shoulder_left.006
-0.1690032184123993 -1.9817357063293457 1.3981982469558716 shoulder_right.006
0.032517209649086 -1.3720353841781616 0.9950881600379944 eye_left.007
-0.03251473605632782 -1.372035264968872 0.9950880408287048 eye_right.007
1.2457148841349408e-06 -1.398995041847229 1.0014592409133911 forehead.007
1.319684542977484e-06 -1.3616585731506348 0.9480118751525879 nose.007
0.08636032789945602 -1.2997446060180664 1.0809357166290283 ear_left.007
-0.08636172860860825 -1.2997444868087769 1.0809354782104492 ear_right.007
1.354200890091306e-06 -1.2821751832962036 0.9223394393920898 chin.007
-0.04848199710249901 -1.336507797241211 0.9722164273262024 cheek_right.007
0.048480939120054245 -1.3365079164505005 0.9722166061401367 cheek_left.007
-3.03611159324646e-07 -1.2420353889465332 0.8133193850517273 chest.007
0.0003770391922444105 -1.2556848526000977 1.2060245275497437 helmet_back.007
0.17203302681446075 -1.1774327754974365 1.035038709640503 shoulder_left.007
-0.17647555470466614 -1.153144121170044 1.0257951021194458 shoulder_right.007
