3d     1    3.251800e-02   -9.206400e-02    1.724125e+00           3.000002e-02   -3.099999e-01    1.730000e+00     -1      eye_left
3d     2   -3.251400e-02   -9.206400e-02    1.724125e+00          -2.999998e-02   -3.099999e-01    1.730000e+00     -1      eye_right
3d     3    2.000000e-06   -1.012510e-01    1.750259e+00           9.999979e-03   -3.099999e-01    1.750000e+00     -1      forehead
3d     4    2.000000e-06   -1.260940e-01    1.689981e+00           9.999979e-03   -3.099999e-01    1.690000e+00     -1      nose
3d     5    8.636100e-02    1.922300e-02    1.709601e+00           9.000002e-02   -3.099999e-01    1.710000e+00     -1      ear_left
3d     6   -8.636100e-02    1.922300e-02    1.709601e+00          -8.999999e-02   -3.099999e-01    1.710000e+00     -1      ear_right
3d     7    2.000000e-06   -1.048080e-01    1.609213e+00           9.999979e-03   -3.099999e-01    1.610000e+00     -1      chin
3d     8   -4.848100e-02   -9.214300e-02    1.681872e+00          -5.000002e-02   -3.099999e-01    1.690000e+00     -1      cheek_right
3d     9    4.848100e-02   -9.214300e-02    1.681872e+00           5.000000e-02   -3.099999e-01    1.690000e+00     -1      cheek_left
3d    10    0.000000e+00   -1.220000e-01    1.476477e+00           9.999979e-03   -3.099999e-01    1.470000e+00     -1      chest
3d    11    3.780000e-04    1.483080e-01    1.740023e+00           9.999979e-03   -3.099999e-01    1.750000e+00     -1      helmet_back
3d    12    1.413000e-01    7.311700e-02    1.600752e+00           1.500000e-01   -3.099999e-01    1.610000e+00     -1      shoulder_left
3d    13   -1.901020e-01    6.232300e-02    1.576449e+00          -1.900000e-01   -3.099999e-01    1.570000e+00     -1      shoulder_right
3d    14   -1.195900e-02   -4.653605e+00    1.529657e+00          -2.999998e-02   -4.670000e+00    1.510000e+00     -1      eye_left.001
3d    15   -6.736400e-02   -4.622916e+00    1.544410e+00          -7.000000e-02   -4.630000e+00    1.550000e+00     -1      eye_right.001
3d    16   -4.420300e-02   -4.656318e+00    1.557544e+00          -7.000000e-02   -4.670000e+00    1.530000e+00     -1      forehead.001
3d    17   -5.782800e-02   -4.650399e+00    1.494063e+00          -5.000002e-02   -4.650000e+00    1.490000e+00     -1      nose.001
3d    18    9.202300e-02   -4.586561e+00    1.543350e+00           6.999998e-02   -4.610000e+00    1.530000e+00     -1      ear_left.001
3d    19   -5.512900e-02   -4.505051e+00    1.582534e+00          -7.000000e-02   -4.490000e+00    1.570000e+00     -1      ear_right.001
3d    20   -4.751500e-02   -4.600107e+00    1.428176e+00          -5.000002e-02   -4.610000e+00    1.430000e+00     -1      chin.001
3d    21   -8.144400e-02   -4.597776e+00    1.509624e+00          -8.999999e-02   -4.590000e+00    1.510000e+00     -1      cheek_right.001
3d    22    1.165000e-03   -4.643534e+00    1.487627e+00           9.999979e-03   -4.650000e+00    1.490000e+00     -1      cheek_left.001
3d    23   -6.396400e-02   -4.586303e+00    1.285671e+00          -7.000000e-02   -4.590000e+00    1.290000e+00     -1      chest.001
3d    24    8.665900e-02   -4.458507e+00    1.635844e+00           9.000002e-02   -4.450000e+00    1.630000e+00     -1      helmet_back.001
3d    25    1.642260e-01   -4.537676e+00    1.440449e+00           1.700000e-01   -4.530000e+00    1.450000e+00     -1      shoulder_left.001
3d    26   -1.046230e-01   -4.375669e+00    1.507088e+00          -1.100000e-01   -4.370000e+00    1.510000e+00     -1      shoulder_right.001
3d    27   -6.625100e-02   -4.175121e+00    1.350955e+00          -8.999999e-02   -4.190000e+00    1.330000e+00     -1      eye_left.002
3d    28   -1.188490e-01   -4.140325e+00    1.366825e+00          -1.300000e-01   -4.170000e+00    1.350000e+00     -1      eye_right.002
3d    29   -1.030800e-01   -4.179671e+00    1.372112e+00          -1.300000e-01   -4.190000e+00    1.350000e+00     -1      forehead.002
3d    30   -1.040830e-01   -4.153880e+00    1.312242e+00          -1.100000e-01   -4.150000e+00    1.310000e+00     -1      nose.002
3d    31    4.148400e-02   -4.134455e+00    1.398225e+00           5.000000e-02   -4.130000e+00    1.390000e+00     -1      ear_left.002
3d    32   -9.821400e-02   -4.042039e+00    1.440374e+00          -1.100000e-01   -4.070000e+00    1.450000e+00     -1      ear_right.002
3d    33   -7.544300e-02   -4.089883e+00    1.266845e+00          -8.999999e-02   -4.110000e+00    1.250000e+00     -1      chin.002
3d    34   -1.229430e-01   -4.104352e+00    1.339816e+00          -1.300000e-01   -4.110000e+00    1.330000e+00     -1      cheek_right.002
3d    35   -4.451900e-02   -4.156233e+00    1.316154e+00          -5.000002e-02   -4.150000e+00    1.310000e+00     -1      cheek_left.002
3d    36    0.000000e+00   -4.119302e+00    1.153113e+00           9.999979e-03   -4.110000e+00    1.150000e+00     -1      chest.002
3d    37    3.647500e-02   -4.038598e+00    1.523794e+00           3.000002e-02   -4.030000e+00    1.530000e+00     -1      helmet_back.002
3d    38    1.525930e-01   -3.990094e+00    1.350085e+00           1.500000e-01   -3.990000e+00    1.350000e+00     -1      shoulder_left.002
3d    39   -1.735890e-01   -3.978704e+00    1.345810e+00          -1.700000e-01   -3.970000e+00    1.350000e+00     -1      shoulder_right.002
3d    40   -1.543320e-01   -3.721173e+00    1.388481e+00          -1.500000e-01   -3.730000e+00    1.390000e+00     -1      eye_left.003
3d    41   -2.193640e-01   -3.721173e+00    1.388481e+00          -2.100000e-01   -3.730000e+00    1.390000e+00     -1      eye_right.003
3d    42   -1.868480e-01   -3.735454e+00    1.412218e+00          -2.100000e-01   -3.750000e+00    1.390000e+00     -1      forehead.003
3d    43   -1.868480e-01   -3.747599e+00    1.348163e+00          -1.900000e-01   -3.750000e+00    1.350000e+00     -1      nose.003
3d    44   -1.004890e-01   -3.609248e+00    1.396754e+00          -1.100000e-01   -3.630000e+00    1.370000e+00     -1      ear_left.003
3d    45   -2.732110e-01   -3.609248e+00    1.396754e+00          -2.900000e-01   -3.630000e+00    1.370000e+00     -1      ear_right.003
3d    46   -1.868480e-01   -3.710424e+00    1.273365e+00          -1.900000e-01   -3.710000e+00    1.270000e+00     -1      chin.003
3d    47   -2.353310e-01   -3.712710e+00    1.347084e+00          -2.500000e-01   -3.730000e+00    1.330000e+00     -1      cheek_right.003
3d    48   -1.383690e-01   -3.712710e+00    1.347084e+00          -1.300000e-01   -3.710000e+00    1.350000e+00     -1      cheek_left.003
3d    49   -1.868500e-01   -3.629373e+00    1.084965e+00          -1.900000e-01   -3.630000e+00    1.090000e+00     -1      chest.003
3d    50   -1.864720e-01   -3.488978e+00    1.452643e+00          -1.900000e-01   -3.490000e+00    1.450000e+00     -1      helmet_back.003
3d    51   -3.047200e-02   -3.539511e+00    1.308288e+00          -2.999998e-02   -3.530000e+00    1.310000e+00     -1      shoulder_left.003
3d    52   -3.678220e-01   -3.527525e+00    1.300843e+00          -3.700000e-01   -3.530000e+00    1.310000e+00     -1      shoulder_right.003
3d    53    1.040010e-01   -3.293774e+00    1.429933e+00           9.000002e-02   -3.310000e+00    1.410000e+00     -1      eye_left.004
3d    54    4.160800e-02   -3.306461e+00    1.443177e+00           3.000002e-02   -3.330000e+00    1.430000e+00     -1      eye_right.004
3d    55    8.042700e-02   -3.313668e+00    1.459483e+00           6.999998e-02   -3.330000e+00    1.430000e+00     -1      forehead.004
3d    56    6.973300e-02   -3.326799e+00    1.396524e+00           6.999998e-02   -3.330000e+00    1.390000e+00     -1      nose.004
3d    57    1.355370e-01   -3.173357e+00    1.429471e+00           1.300000e-01   -3.190000e+00    1.410000e+00     -1      ear_left.004
3d    58   -3.017500e-02   -3.207055e+00    1.464644e+00          -5.000002e-02   -3.230000e+00    1.450000e+00     -1      ear_right.004
3d    59    4.724000e-02   -3.291771e+00    1.324109e+00           3.000002e-02   -3.310000e+00    1.310000e+00     -1      chin.004
3d    60    1.620000e-02   -3.302066e+00    1.406091e+00           9.999979e-03   -3.310000e+00    1.410000e+00     -1      cheek_right.004
3d    61    1.092270e-01   -3.283149e+00    1.386345e+00           1.100000e-01   -3.290000e+00    1.390000e+00     -1      cheek_left.004
3d    62    2.752000e-03   -3.129665e+00    1.151000e+00           9.999979e-03   -3.130000e+00    1.150000e+00     -1      chest.004
3d    63    4.100400e-02   -3.071130e+00    1.504269e+00           5.000000e-02   -3.070000e+00    1.510000e+00     -1      helmet_back.004
3d    64    1.826500e-01   -3.094387e+00    1.360588e+00           1.900000e-01   -3.090000e+00    1.370000e+00     -1      shoulder_left.004
3d    65   -1.633420e-01   -3.132900e+00    1.376567e+00          -1.700000e-01   -3.130000e+00    1.370000e+00     -1      shoulder_right.004
3d    66   -5.669800e-02   -2.589411e+00    1.625652e+00          -7.000000e-02   -2.610000e+00    1.610000e+00     -1      eye_left.005
3d    67   -1.194040e-01   -2.572525e+00    1.622190e+00          -1.300000e-01   -2.590000e+00    1.610000e+00     -1      eye_right.005
3d    68   -9.284500e-02   -2.593836e+00    1.647981e+00          -1.100000e-01   -2.610000e+00    1.630000e+00     -1      forehead.005
3d    69   -9.315000e-02   -2.608016e+00    1.584345e+00          -8.999999e-02   -2.610000e+00    1.590000e+00     -1      nose.005
3d    70    2.409100e-02   -2.495075e+00    1.633933e+00           3.000002e-02   -2.490000e+00    1.630000e+00     -1      ear_left.005
3d    71   -1.424530e-01   -2.450223e+00    1.624738e+00          -1.500000e-01   -2.450000e+00    1.630000e+00     -1      ear_right.005
3d    72   -8.008900e-02   -2.575017e+00    1.508733e+00          -8.999999e-02   -2.570000e+00    1.510000e+00     -1      chin.005
3d    73   -1.307350e-01   -2.561801e+00    1.579801e+00          -1.300000e-01   -2.570000e+00    1.570000e+00     -1      cheek_right.005
3d    74   -3.724100e-02   -2.586980e+00    1.584963e+00          -2.999998e-02   -2.590000e+00    1.590000e+00     -1      cheek_left.005
3d    75   -1.189100e-01   -2.529183e+00    1.319417e+00          -1.100000e-01   -2.530000e+00    1.310000e+00     -1      chest.005
3d    76   -2.989600e-02   -2.354548e+00    1.682091e+00          -2.999998e-02   -2.350000e+00    1.690000e+00     -1      helmet_back.005
3d    77    1.068860e-01   -2.518279e+00    1.503825e+00           1.100000e-01   -2.510000e+00    1.510000e+00     -1      shoulder_left.005
3d    78   -1.796830e-01   -2.333770e+00    1.528813e+00          -1.700000e-01   -2.330000e+00    1.530000e+00     -1      shoulder_right.005
3d    79    7.060100e-02   -2.152058e+00    1.451512e+00           5.000000e-02   -2.170000e+00    1.430000e+00     -1      eye_left.006
3d    80    5.900000e-03   -2.157095e+00    1.455705e+00          -1.000000e-02   -2.170000e+00    1.430000e+00     -1      eye_right.006
3d    81    4.100400e-02   -2.172554e+00    1.474504e+00           3.000002e-02   -2.190000e+00    1.450000e+00     -1      forehead.006
3d    82    3.689000e-02   -2.173865e+00    1.409450e+00           3.000002e-02   -2.170000e+00    1.410000e+00     -1      nose.006
3d    83    1.174790e-01   -2.039228e+00    1.475316e+00           1.100000e-01   -2.050000e+00    1.450000e+00     -1      ear_left.006
3d    84   -5.436400e-02   -2.052605e+00    1.486452e+00          -7.000000e-02   -2.070000e+00    1.470000e+00     -1      ear_right.006
3d    85    2.872500e-02   -2.124907e+00    1.342270e+00           9.999979e-03   -2.150000e+00    1.330000e+00     -1      chin.006
3d    86   -1.371200e-02   -2.143142e+00    1.417483e+00          -1.000000e-02   -2.150000e+00    1.410000e+00     -1      cheek_right.006
3d    87    8.275700e-02   -2.135632e+00    1.411231e+00           9.000002e-02   -2.130000e+00    1.410000e+00     -1      cheek_left.006
3d    88    1.660000e-04   -2.037224e+00    1.162750e+00           9.999979e-03   -2.030000e+00    1.170000e+00     -1      chest.006
3d    89    2.834600e-02   -1.936924e+00    1.556376e+00           3.000002e-02   -1.930000e+00    1.550000e+00     -1      helmet_back.006
3d    90    1.785820e-01   -1.942363e+00    1.381650e+00           1.700000e-01   -1.950000e+00    1.390000e+00     -1      shoulder_left.006
3d    91   -1.690030e-01   -1.981736e+00    1.398198e+00          -1.700000e-01   -1.990000e+00    1.390000e+00     -1      shoulder_right.006
3d    92    3.251700e-02   -1.372035e+00    9.950880e-01           3.000002e-02   -1.370000e+00    9.900000e-01     -1      eye_left.007
3d    93   -3.251500e-02   -1.372035e+00    9.950880e-01          -2.999998e-02   -1.370000e+00    9.900000e-01     -1      eye_right.007
3d    94    1.000000e-06   -1.398995e+00    1.001459e+00          -1.000000e-02   -1.410000e+00    9.900000e-01     -1      forehead.007
3d    95    1.000000e-06   -1.361659e+00    9.480120e-01           9.999979e-03   -1.370000e+00    9.500000e-01     -1      nose.007
3d    96    8.636000e-02   -1.299745e+00    1.080936e+00           9.000002e-02   -1.290000e+00    1.090000e+00     -1      ear_left.007
3d    97   -8.636200e-02   -1.299744e+00    1.080935e+00          -8.999999e-02   -1.290000e+00    1.090000e+00     -1      ear_right.007
3d    98    1.000000e-06   -1.282175e+00    9.223390e-01          -1.000000e-02   -1.310000e+00    9.100000e-01     -1      chin.007
3d    99   -4.848200e-02   -1.336508e+00    9.722160e-01          -5.000002e-02   -1.330000e+00    9.700000e-01     -1      cheek_right.007
3d   100    4.848100e-02   -1.336508e+00    9.722170e-01           5.000000e-02   -1.330000e+00    9.700000e-01     -1      cheek_left.007
3d   101    0.000000e+00   -1.242035e+00    8.133190e-01           9.999979e-03   -1.250000e+00    8.100000e-01     -1      chest.007
3d   102    3.770000e-04   -1.255685e+00    1.206025e+00           9.999979e-03   -1.250000e+00    1.210000e+00     -1      helmet_back.007
3d   103    1.720330e-01   -1.177433e+00    1.035039e+00           1.700000e-01   -1.190000e+00    1.030000e+00     -1      shoulder_left.007
3d   104   -1.764760e-01   -1.153144e+00    1.025795e+00          -1.700000e-01   -1.150000e+00    1.030000e+00     -1      shoulder_right.007
