10,-249,3,0,1.0132e+05,288
10,-249,2.5,0,1.0132e+05,288
10,-249,2,0,1.0132e+05,288
10,-249,1.5,0,1.0132e+05,288
10,-249,1,0,1.0132e+05,288
10,-249,0.5,0,1.0132e+05,288
#
10,-248,3,0,1.0132e+05,288
10,-248,2.5,0,1.0132e+05,288
10,-248,2,0,1.0132e+05,288
10,-248,1.5,0,1.0132e+05,288
10,-248,1,0,1.0132e+05,288
10,-248,0.5,0,1.0132e+05,288
#
10,-247,3,0,1.0132e+05,288
10,-247,2.5,0,1.0132e+05,288
10,-247,2,0,1.0132e+05,288
10,-247,1.5,0,1.0132e+05,288
10,-247,1,0,1.0132e+05,288
10,-247,0.5,0,1.0132e+05,288
#
10,-246,3,0,1.0132e+05,288
10,-246,2.5,0,1.0132e+05,288
10,-246,2,0,1.0132e+05,288
10,-246,1.5,0,1.0132e+05,288
10,-246,1,0,1.0132e+05,288
10,-246,0.5,0,1.0132e+05,288
#
10,-245,3,0,1.0132e+05,288
10,-245,2.5,0,1.0132e+05,288
10,-245,2,0,1.0132e+05,288
10,-245,1.5,0,1.0132e+05,288
10,-245,1,0,1.0132e+05,288
10,-245,0.5,0,1.0132e+05,288
#
10,-244,3,0,1.0132e+05,288
10,-244,2.5,0,1.0132e+05,288
10,-244,2,0,1.0132e+05,288
10,-244,1.5,0,1.0132e+05,288
10,-244,1,0,1.0132e+05,288
10,-244,0.5,0,1.0132e+05,288
#
10,-243,3,0,1.0132e+05,288
10,-243,2.5,0,1.0132e+05,288
10,-243,2,0,1.0132e+05,288
10,-243,1.5,0,1.0132e+05,288
10,-243,1,0,1.0132e+05,288
10,-243,0.5,0,1.0132e+05,288
#
10,-242,3,0,1.0132e+05,288
10,-242,2.5,0,1.0132e+05,288
10,-242,2,0,1.0132e+05,288
10,-242,1.5,0,1.0132e+05,288
10,-242,1,0,1.0132e+05,288
10,-242,0.5,0,1.0132e+05,288
#
10,-241,3,0,1.0132e+05,288
10,-241,2.5,0,1.0132e+05,288
10,-241,2,0,1.0132e+05,288
10,-241,1.5,0,1.0132e+05,288
10,-241,1,0,1.0132e+05,288
10,-241,0.5,0,1.0132e+05,288
#
10,-240,3,0,1.0132e+05,288
10,-240,2.5,0,1.0132e+05,288
10,-240,2,0,1.0132e+05,288
10,-240,1.5,0,1.0132e+05,288
10,-240,1,0,1.0132e+05,288
10,-240,0.5,0,1.0132e+05,288
#
10,-239,3,0,1.0132e+05,288
10,-239,2.5,0,1.0132e+05,288
10,-239,2,0,1.0132e+05,288
10,-239,1.5,0,1.0132e+05,288
10,-239,1,0,1.0132e+05,288
10,-239,0.5,0,1.0132e+05,288
#
10,-238,3,0,1.0132e+05,288
10,-238,2.5,0,1.0132e+05,288
10,-238,2,0,1.0132e+05,288
10,-238,1.5,0,1.0132e+05,288
10,-238,1,0,1.0132e+05,288
10,-238,0.5,0,1.0132e+05,288
#
10,-237,3,0,1.0132e+05,288
10,-237,2.5,0,1.0132e+05,288
10,-237,2,0,1.0132e+05,288
10,-237,1.5,0,1.0132e+05,288
10,-237,1,0,1.0132e+05,288
10,-237,0.5,0,1.0132e+05,288
#
10,-236,3,0,1.0132e+05,288
10,-236,2.5,0,1.0132e+05,288
10,-236,2,0,1.0132e+05,288
10,-236,1.5,0,1.0132e+05,288
10,-236,1,0,1.0132e+05,288
10,-236,0.5,0,1.0132e+05,288
#
10,-235,3,0,1.0132e+05,288
10,-235,2.5,0,1.0132e+05,288
10,-235,2,0,1.0132e+05,288
10,-235,1.5,0,1.0132e+05,288
10,-235,1,0,1.0132e+05,288
10,-235,0.5,0,1.0132e+05,288
#
10,-234,3,0,1.0132e+05,288
10,-234,2.5,0,1.0132e+05,288
10,-234,2,0,1.0132e+05,288
10,-234,1.5,0,1.0132e+05,288
10,-234,1,0,1.0132e+05,288
10,-234,0.5,0,1.0132e+05,288
#
10,-233,3,0,1.0132e+05,288
10,-233,2.5,0,1.0132e+05,288
10,-233,2,0,1.0132e+05,288
10,-233,1.5,0,1.0132e+05,288
10,-233,1,0,1.0132e+05,288
10,-233,0.5,0,1.0132e+05,288
#
10,-232,3,0,1.0132e+05,288
10,-232,2.5,0,1.0132e+05,288
10,-232,2,0,1.0132e+05,288
10,-232,1.5,0,1.0132e+05,288
10,-232,1,0,1.0132e+05,288
10,-232,0.5,0,1.0132e+05,288
#
10,-231,3,0,1.0132e+05,288
10,-231,2.5,0,1.0132e+05,288
10,-231,2,0,1.0132e+05,288
10,-231,1.5,0,1.0132e+05,288
10,-231,1,0,1.0132e+05,288
10,-231,0.5,0,1.0132e+05,288
#
10,-230,3,0,1.0132e+05,288
10,-230,2.5,0,1.0132e+05,288
10,-230,2,0,1.0132e+05,288
10,-230,1.5,0,1.0132e+05,288
10,-230,1,0,1.0132e+05,288
10,-230,0.5,0,1.0132e+05,288
#
10,-229,3,0,1.0132e+05,288
10,-229,2.5,0,1.0132e+05,288
10,-229,2,0,1.0132e+05,288
10,-229,1.5,0,1.0132e+05,288
10,-229,1,0,1.0132e+05,288
10,-229,0.5,0,1.0132e+05,288
#
10,-228,3,0,1.0132e+05,288
10,-228,2.5,0,1.0132e+05,288
10,-228,2,0,1.0132e+05,288
10,-228,1.5,0,1.0132e+05,288
10,-228,1,0,1.0132e+05,288
10,-228,0.5,0,1.0132e+05,288
#
10,-227,3,0,1.0132e+05,288
10,-227,2.5,0,1.0132e+05,288
10,-227,2,0,1.0132e+05,288
10,-227,1.5,0,1.0132e+05,288
10,-227,1,0,1.0132e+05,288
10,-227,0.5,0,1.0132e+05,288
#
10,-226,3,0,1.0132e+05,288
10,-226,2.5,0,1.0132e+05,288
10,-226,2,0,1.0132e+05,288
10,-226,1.5,0,1.0132e+05,288
10,-226,1,0,1.0132e+05,288
10,-226,0.5,0,1.0132e+05,288
#
10,-225,3,0,1.0132e+05,288
10,-225,2.5,0,1.0132e+05,288
10,-225,2,0,1.0132e+05,288
10,-225,1.5,0,1.0132e+05,288
10,-225,1,0,1.0132e+05,288
10,-225,0.5,0,1.0132e+05,288
#
10,-224,3,0,1.0132e+05,288
10,-224,2.5,0,1.0132e+05,288
10,-224,2,0,1.0132e+05,288
10,-224,1.5,0,1.0132e+05,288
10,-224,1,0,1.0132e+05,288
10,-224,0.5,0,1.0132e+05,288
#
10,-223,3,0,1.0132e+05,288
10,-223,2.5,0,1.0132e+05,288
10,-223,2,0,1.0132e+05,288
10,-223,1.5,0,1.0132e+05,288
10,-223,1,0,1.0132e+05,288
10,-223,0.5,0,1.0132e+05,288
#
10,-222,3,0,1.0132e+05,288
10,-222,2.5,0,1.0132e+05,288
10,-222,2,0,1.0132e+05,288
10,-222,1.5,0,1.0132e+05,288
10,-222,1,0,1.0132e+05,288
10,-222,0.5,0,1.0132e+05,288
#
10,-221,3,0,1.0132e+05,288
10,-221,2.5,0,1.0132e+05,288
10,-221,2,0,1.0132e+05,288
10,-221,1.5,0,1.0132e+05,288
10,-221,1,0,1.0132e+05,288
10,-221,0.5,0,1.0132e+05,288
#
10,-220,3,0,1.0132e+05,288
10,-220,2.5,0,1.0132e+05,288
10,-220,2,0,1.0132e+05,288
10,-220,1.5,0,1.0132e+05,288
10,-220,1,0,1.0132e+05,288
10,-220,0.5,0,1.0132e+05,288
#
10,-219,3,0,1.0132e+05,288
10,-219,2.5,0,1.0132e+05,288
10,-219,2,0,1.0132e+05,288
10,-219,1.5,0,1.0132e+05,288
10,-219,1,0,1.0132e+05,288
10,-219,0.5,0,1.0132e+05,288
#
10,-218,3,0,1.0132e+05,288
10,-218,2.5,0,1.0132e+05,288
10,-218,2,0,1.0132e+05,288
10,-218,1.5,0,1.0132e+05,288
10,-218,1,0,1.0132e+05,288
10,-218,0.5,0,1.0132e+05,288
#
10,-217,3,0,1.0132e+05,288
10,-217,2.5,0,1.0132e+05,288
10,-217,2,0,1.0132e+05,288
10,-217,1.5,0,1.0132e+05,288
10,-217,1,0,1.0132e+05,288
10,-217,0.5,0,1.0132e+05,288
#
10,-216,3,0,1.0132e+05,288
10,-216,2.5,0,1.0132e+05,288
10,-216,2,0,1.0132e+05,288
10,-216,1.5,0,1.0132e+05,288
10,-216,1,0,1.0132e+05,288
10,-216,0.5,0,1.0132e+05,288
#
10,-215,3,0,1.0132e+05,288
10,-215,2.5,0,1.0132e+05,288
10,-215,2,0,1.0132e+05,288
10,-215,1.5,0,1.0132e+05,288
10,-215,1,0,1.0132e+05,288
10,-215,0.5,0,1.0132e+05,288
#
10,-214,3,0,1.0132e+05,288
10,-214,2.5,0,1.0132e+05,288
10,-214,2,0,1.0132e+05,288
10,-214,1.5,0,1.0132e+05,288
10,-214,1,0,1.0132e+05,288
10,-214,0.5,0,1.0132e+05,288
#
10,-213,3,0,1.0132e+05,288
10,-213,2.5,0,1.0132e+05,288
10,-213,2,0,1.0132e+05,288
10,-213,1.5,0,1.0132e+05,288
10,-213,1,0,1.0132e+05,288
10,-213,0.5,0,1.0132e+05,288
#
10,-212,3,0,1.0132e+05,288
10,-212,2.5,0,1.0132e+05,288
10,-212,2,0,1.0132e+05,288
10,-212,1.5,0,1.0132e+05,288
10,-212,1,0,1.0132e+05,288
10,-212,0.5,0,1.0132e+05,288
#
10,-211,3,0,1.0132e+05,288
10,-211,2.5,0,1.0132e+05,288
10,-211,2,0,1.0132e+05,288
10,-211,1.5,0,1.0132e+05,288
10,-211,1,0,1.0132e+05,288
10,-211,0.5,0,1.0132e+05,288
#
10,-210,3,0,1.0132e+05,288
10,-210,2.5,0,1.0132e+05,288
10,-210,2,0,1.0132e+05,288
10,-210,1.5,0,1.0132e+05,288
10,-210,1,0,1.0132e+05,288
10,-210,0.5,0,1.0132e+05,288
#
10,-209,3,0,1.0132e+05,288
10,-209,2.5,0,1.0132e+05,288
10,-209,2,0,1.0132e+05,288
10,-209,1.5,0,1.0132e+05,288
10,-209,1,0,1.0132e+05,288
10,-209,0.5,0,1.0132e+05,288
#
10,-208,3,0,1.0132e+05,288
10,-208,2.5,0,1.0132e+05,288
10,-208,2,0,1.0132e+05,288
10,-208,1.5,0,1.0132e+05,288
10,-208,1,0,1.0132e+05,288
10,-208,0.5,0,1.0132e+05,288
#
10,-207,3,0,1.0132e+05,288
10,-207,2.5,0,1.0132e+05,288
10,-207,2,0,1.0132e+05,288
10,-207,1.5,0,1.0132e+05,288
10,-207,1,0,1.0132e+05,288
10,-207,0.5,0,1.0132e+05,288
#
10,-206,3,0,1.0132e+05,288
10,-206,2.5,0,1.0132e+05,288
10,-206,2,0,1.0132e+05,288
10,-206,1.5,0,1.0132e+05,288
10,-206,1,0,1.0132e+05,288
10,-206,0.5,0,1.0132e+05,288
#
10,-205,3,0,1.0132e+05,288
10,-205,2.5,0,1.0132e+05,288
10,-205,2,0,1.0132e+05,288
10,-205,1.5,0,1.0132e+05,288
10,-205,1,0,1.0132e+05,288
10,-205,0.5,0,1.0132e+05,288
#
10,-204,3,0,1.0132e+05,288
10,-204,2.5,0,1.0132e+05,288
10,-204,2,0,1.0132e+05,288
10,-204,1.5,0,1.0132e+05,288
10,-204,1,0,1.0132e+05,288
10,-204,0.5,0,1.0132e+05,288
#
10,-203,3,0,1.0132e+05,288
10,-203,2.5,0,1.0132e+05,288
10,-203,2,0,1.0132e+05,288
10,-203,1.5,0,1.0132e+05,288
10,-203,1,0,1.0132e+05,288
10,-203,0.5,0,1.0132e+05,288
#
10,-202,3,0,1.0132e+05,288
10,-202,2.5,0,1.0132e+05,288
10,-202,2,0,1.0132e+05,288
10,-202,1.5,0,1.0132e+05,288
10,-202,1,0,1.0132e+05,288
10,-202,0.5,0,1.0132e+05,288
#
10,-201,3,0,1.0132e+05,288
10,-201,2.5,0,1.0132e+05,288
10,-201,2,0,1.0132e+05,288
10,-201,1.5,0,1.0132e+05,288
10,-201,1,0,1.0132e+05,288
10,-201,0.5,0,1.0132e+05,288
#
10,-200,3,0,1.0132e+05,288
10,-200,2.5,0,1.0132e+05,288
10,-200,2,0,1.0132e+05,288
10,-200,1.5,0,1.0132e+05,288
10,-200,1,0,1.0132e+05,288
10,-200,0.5,0,1.0132e+05,288
#
10,-199,3,0,1.0132e+05,288
10,-199,2.5,0,1.0132e+05,288
10,-199,2,0,1.0132e+05,288
10,-199,1.5,0,1.0132e+05,288
10,-199,1,0,1.0132e+05,288
10,-199,0.5,0,1.0132e+05,288
#
10,-198,3,0,1.0132e+05,288
10,-198,2.5,0,1.0132e+05,288
10,-198,2,0,1.0132e+05,288
10,-198,1.5,0,1.0132e+05,288
10,-198,1,0,1.0132e+05,288
10,-198,0.5,0,1.0132e+05,288
#
10,-197,3,0,1.0132e+05,288
10,-197,2.5,0,1.0132e+05,288
10,-197,2,0,1.0132e+05,288
10,-197,1.5,0,1.0132e+05,288
10,-197,1,0,1.0132e+05,288
10,-197,0.5,0,1.0132e+05,288
#
10,-196,3,0,1.0132e+05,288
10,-196,2.5,0,1.0132e+05,288
10,-196,2,0,1.0132e+05,288
10,-196,1.5,0,1.0132e+05,288
10,-196,1,0,1.0132e+05,288
10,-196,0.5,0,1.0132e+05,288
#
10,-195,3,0,1.0132e+05,288
10,-195,2.5,0,1.0132e+05,288
10,-195,2,0,1.0132e+05,288
10,-195,1.5,0,1.0132e+05,288
10,-195,1,0,1.0132e+05,288
10,-195,0.5,0,1.0132e+05,288
#
10,-194,3,0,1.0132e+05,288
10,-194,2.5,0,1.0132e+05,288
10,-194,2,0,1.0132e+05,288
10,-194,1.5,0,1.0132e+05,288
10,-194,1,0,1.0132e+05,288
10,-194,0.5,0,1.0132e+05,288
#
10,-193,3,0,1.0132e+05,288
10,-193,2.5,0,1.0132e+05,288
10,-193,2,0,1.0132e+05,288
10,-193,1.5,0,1.0132e+05,288
10,-193,1,0,1.0132e+05,288
10,-193,0.5,0,1.0132e+05,288
#
10,-192,3,0,1.0132e+05,288
10,-192,2.5,0,1.0132e+05,288
10,-192,2,0,1.0132e+05,288
10,-192,1.5,0,1.0132e+05,288
10,-192,1,0,1.0132e+05,288
10,-192,0.5,0,1.0132e+05,288
#
10,-191,3,0,1.0132e+05,288
10,-191,2.5,0,1.0132e+05,288
10,-191,2,0,1.0132e+05,288
10,-191,1.5,0,1.0132e+05,288
10,-191,1,0,1.0132e+05,288
10,-191,0.5,0,1.0132e+05,288
#
10,-190,3,0,1.0132e+05,288
10,-190,2.5,0,1.0132e+05,288
10,-190,2,0,1.0132e+05,288
10,-190,1.5,0,1.0132e+05,288
10,-190,1,0,1.0132e+05,288
10,-190,0.5,0,1.0132e+05,288
#
10,-189,3,0,1.0132e+05,288
10,-189,2.5,0,1.0132e+05,288
10,-189,2,0,1.0132e+05,288
10,-189,1.5,0,1.0132e+05,288
10,-189,1,0,1.0132e+05,288
10,-189,0.5,0,1.0132e+05,288
#
10,-188,3,0,1.0132e+05,288
10,-188,2.5,0,1.0132e+05,288
10,-188,2,0,1.0132e+05,288
10,-188,1.5,0,1.0132e+05,288
10,-188,1,0,1.0132e+05,288
10,-188,0.5,0,1.0132e+05,288
#
10,-187,3,0,1.0132e+05,288
10,-187,2.5,0,1.0132e+05,288
10,-187,2,0,1.0132e+05,288
10,-187,1.5,0,1.0132e+05,288
10,-187,1,0,1.0132e+05,288
10,-187,0.5,0,1.0132e+05,288
#
10,-186,3,0,1.0132e+05,288
10,-186,2.5,0,1.0132e+05,288
10,-186,2,0,1.0132e+05,288
10,-186,1.5,0,1.0132e+05,288
10,-186,1,0,1.0132e+05,288
10,-186,0.5,0,1.0132e+05,288
#
10,-185,3,0,1.0132e+05,288
10,-185,2.5,0,1.0132e+05,288
10,-185,2,0,1.0132e+05,288
10,-185,1.5,0,1.0132e+05,288
10,-185,1,0,1.0132e+05,288
10,-185,0.5,0,1.0132e+05,288
#
10,-184,3,0,1.0132e+05,288
10,-184,2.5,0,1.0132e+05,288
10,-184,2,0,1.0132e+05,288
10,-184,1.5,0,1.0132e+05,288
10,-184,1,0,1.0132e+05,288
10,-184,0.5,0,1.0132e+05,288
#
10,-183,3,0,1.0132e+05,288
10,-183,2.5,0,1.0132e+05,288
10,-183,2,0,1.0132e+05,288
10,-183,1.5,0,1.0132e+05,288
10,-183,1,0,1.0132e+05,288
10,-183,0.5,0,1.0132e+05,288
#
10,-182,3,0,1.0132e+05,288
10,-182,2.5,0,1.0132e+05,288
10,-182,2,0,1.0132e+05,288
10,-182,1.5,0,1.0132e+05,288
10,-182,1,0,1.0132e+05,288
10,-182,0.5,0,1.0132e+05,288
#
10,-181,3,0,1.0132e+05,288
10,-181,2.5,0,1.0132e+05,288
10,-181,2,0,1.0132e+05,288
10,-181,1.5,0,1.0132e+05,288
10,-181,1,0,1.0132e+05,288
10,-181,0.5,0,1.0132e+05,288
#
10,-180,3,0,1.0132e+05,288
10,-180,2.5,0,1.0132e+05,288
10,-180,2,0,1.0132e+05,288
10,-180,1.5,0,1.0132e+05,288
10,-180,1,0,1.0132e+05,288
10,-180,0.5,0,1.0132e+05,288
#
10,-179,3,0,1.0132e+05,288
10,-179,2.5,0,1.0132e+05,288
10,-179,2,0,1.0132e+05,288
10,-179,1.5,0,1.0132e+05,288
10,-179,1,0,1.0132e+05,288
10,-179,0.5,0,1.0132e+05,288
#
10,-178,3,0,1.0132e+05,288
10,-178,2.5,0,1.0132e+05,288
10,-178,2,0,1.0132e+05,288
10,-178,1.5,0,1.0132e+05,288
10,-178,1,0,1.0132e+05,288
10,-178,0.5,0,1.0132e+05,288
#
10,-177,3,0,1.0132e+05,288
10,-177,2.5,0,1.0132e+05,288
10,-177,2,0,1.0132e+05,288
10,-177,1.5,0,1.0132e+05,288
10,-177,1,0,1.0132e+05,288
10,-177,0.5,0,1.0132e+05,288
#
10,-176,3,0,1.0132e+05,288
10,-176,2.5,0,1.0132e+05,288
10,-176,2,0,1.0132e+05,288
10,-176,1.5,0,1.0132e+05,288
10,-176,1,0,1.0132e+05,288
10,-176,0.5,0,1.0132e+05,288
#
10,-175,3,0,1.0132e+05,288
10,-175,2.5,0,1.0132e+05,288
10,-175,2,0,1.0132e+05,288
10,-175,1.5,0,1.0132e+05,288
10,-175,1,0,1.0132e+05,288
10,-175,0.5,0,1.0132e+05,288
#
10,-174,3,0,1.0132e+05,288
10,-174,2.5,0,1.0132e+05,288
10,-174,2,0,1.0132e+05,288
10,-174,1.5,0,1.0132e+05,288
10,-174,1,0,1.0132e+05,288
10,-174,0.5,0,1.0132e+05,288
#
10,-173,3,0,1.0132e+05,288
10,-173,2.5,0,1.0132e+05,288
10,-173,2,0,1.0132e+05,288
10,-173,1.5,0,1.0132e+05,288
10,-173,1,0,1.0132e+05,288
10,-173,0.5,0,1.0132e+05,288
#
10,-172,3,0,1.0132e+05,288
10,-172,2.5,0,1.0132e+05,288
10,-172,2,0,1.0132e+05,288
10,-172,1.5,0,1.0132e+05,288
10,-172,1,0,1.0132e+05,288
10,-172,0.5,0,1.0132e+05,288
#
10,-171,3,0,1.0132e+05,288
10,-171,2.5,0,1.0132e+05,288
10,-171,2,0,1.0132e+05,288
10,-171,1.5,0,1.0132e+05,288
10,-171,1,0,1.0132e+05,288
10,-171,0.5,0,1.0132e+05,288
#
10,-170,3,0,1.0132e+05,288
10,-170,2.5,0,1.0132e+05,288
10,-170,2,0,1.0132e+05,288
10,-170,1.5,0,1.0132e+05,288
10,-170,1,0,1.0132e+05,288
10,-170,0.5,0,1.0132e+05,288
#
10,-169,3,0,1.0132e+05,288
10,-169,2.5,0,1.0132e+05,288
10,-169,2,0,1.0132e+05,288
10,-169,1.5,0,1.0132e+05,288
10,-169,1,0,1.0132e+05,288
10,-169,0.5,0,1.0132e+05,288
#
10,-168,3,0,1.0132e+05,288
10,-168,2.5,0,1.0132e+05,288
10,-168,2,0,1.0132e+05,288
10,-168,1.5,0,1.0132e+05,288
10,-168,1,0,1.0132e+05,288
10,-168,0.5,0,1.0132e+05,288
#
10,-167,3,0,1.0132e+05,288
10,-167,2.5,0,1.0132e+05,288
10,-167,2,0,1.0132e+05,288
10,-167,1.5,0,1.0132e+05,288
10,-167,1,0,1.0132e+05,288
10,-167,0.5,0,1.0132e+05,288
#
10,-166,3,0,1.0132e+05,288
10,-166,2.5,0,1.0132e+05,288
10,-166,2,0,1.0132e+05,288
10,-166,1.5,0,1.0132e+05,288
10,-166,1,0,1.0132e+05,288
10,-166,0.5,0,1.0132e+05,288
#
10,-165,3,0,1.0132e+05,288
10,-165,2.5,0,1.0132e+05,288
10,-165,2,0,1.0132e+05,288
10,-165,1.5,0,1.0132e+05,288
10,-165,1,0,1.0132e+05,288
10,-165,0.5,0,1.0132e+05,288
#
10,-164,3,0,1.0132e+05,288
10,-164,2.5,0,1.0132e+05,288
10,-164,2,0,1.0132e+05,288
10,-164,1.5,0,1.0132e+05,288
10,-164,1,0,1.0132e+05,288
10,-164,0.5,0,1.0132e+05,288
#
10,-163,3,0,1.0132e+05,288
10,-163,2.5,0,1.0132e+05,288
10,-163,2,0,1.0132e+05,288
10,-163,1.5,0,1.0132e+05,288
10,-163,1,0,1.0132e+05,288
10,-163,0.5,0,1.0132e+05,288
#
10,-162,3,0,1.0132e+05,288
10,-162,2.5,0,1.0132e+05,288
10,-162,2,0,1.0132e+05,288
10,-162,1.5,0,1.0132e+05,288
10,-162,1,0,1.0132e+05,288
10,-162,0.5,0,1.0132e+05,288
#
10,-161,3,0,1.0132e+05,288
10,-161,2.5,0,1.0132e+05,288
10,-161,2,0,1.0132e+05,288
10,-161,1.5,0,1.0132e+05,288
10,-161,1,0,1.0132e+05,288
10,-161,0.5,0,1.0132e+05,288
#
10,-160,3,0,1.0132e+05,288
10,-160,2.5,0,1.0132e+05,288
10,-160,2,0,1.0132e+05,288
10,-160,1.5,0,1.0132e+05,288
10,-160,1,0,1.0132e+05,288
10,-160,0.5,0,1.0132e+05,288
#
10,-159,3,0,1.0132e+05,288
10,-159,2.5,0,1.0132e+05,288
10,-159,2,0,1.0132e+05,288
10,-159,1.5,0,1.0132e+05,288
10,-159,1,0,1.0132e+05,288
10,-159,0.5,0,1.0132e+05,288
#
10,-158,3,0,1.0132e+05,288
10,-158,2.5,0,1.0132e+05,288
10,-158,2,0,1.0132e+05,288
10,-158,1.5,0,1.0132e+05,288
10,-158,1,0,1.0132e+05,288
10,-158,0.5,0,1.0132e+05,288
#
10,-157,3,0,1.0132e+05,288
10,-157,2.5,0,1.0132e+05,288
10,-157,2,0,1.0132e+05,288
10,-157,1.5,0,1.0132e+05,288
10,-157,1,0,1.0132e+05,288
10,-157,0.5,0,1.0132e+05,288
#
10,-156,3,0,1.0132e+05,288
10,-156,2.5,0,1.0132e+05,288
10,-156,2,0,1.0132e+05,288
10,-156,1.5,0,1.0132e+05,288
10,-156,1,0,1.0132e+05,288
10,-156,0.5,0,1.0132e+05,288
#
10,-155,3,0,1.0132e+05,288
10,-155,2.5,0,1.0132e+05,288
10,-155,2,0,1.0132e+05,288
10,-155,1.5,0,1.0132e+05,288
10,-155,1,0,1.0132e+05,288
10,-155,0.5,0,1.0132e+05,288
#
10,-154,3,0,1.0132e+05,288
10,-154,2.5,0,1.0132e+05,288
10,-154,2,0,1.0132e+05,288
10,-154,1.5,0,1.0132e+05,288
10,-154,1,0,1.0132e+05,288
10,-154,0.5,0,1.0132e+05,288
#
10,-153,3,0,1.0132e+05,288
10,-153,2.5,0,1.0132e+05,288
10,-153,2,0,1.0132e+05,288
10,-153,1.5,0,1.0132e+05,288
10,-153,1,0,1.0132e+05,288
10,-153,0.5,0,1.0132e+05,288
#
10,-152,3,0,1.0132e+05,288
10,-152,2.5,0,1.0132e+05,288
10,-152,2,0,1.0132e+05,288
10,-152,1.5,0,1.0132e+05,288
10,-152,1,0,1.0132e+05,288
10,-152,0.5,0,1.0132e+05,288
#
10,-151,3,0,1.0132e+05,288
10,-151,2.5,0,1.0132e+05,288
10,-151,2,0,1.0132e+05,288
10,-151,1.5,0,1.0132e+05,288
10,-151,1,0,1.0132e+05,288
10,-151,0.5,0,1.0132e+05,288
#
10,-150,3,0,1.0132e+05,288
10,-150,2.5,0,1.0132e+05,288
10,-150,2,0,1.0132e+05,288
10,-150,1.5,0,1.0132e+05,288
10,-150,1,0,1.0132e+05,288
10,-150,0.5,0,1.0132e+05,288
#
10,-149,3,0,1.0132e+05,288
10,-149,2.5,0,1.0132e+05,288
10,-149,2,0,1.0132e+05,288
10,-149,1.5,0,1.0132e+05,288
10,-149,1,0,1.0132e+05,288
10,-149,0.5,0,1.0132e+05,288
#
10,-148,3,0,1.0132e+05,288
10,-148,2.5,0,1.0132e+05,288
10,-148,2,0,1.0132e+05,288
10,-148,1.5,0,1.0132e+05,288
10,-148,1,0,1.0132e+05,288
10,-148,0.5,0,1.0132e+05,288
#
10,-147,3,0,1.0132e+05,288
10,-147,2.5,0,1.0132e+05,288
10,-147,2,0,1.0132e+05,288
10,-147,1.5,0,1.0132e+05,288
10,-147,1,0,1.0132e+05,288
10,-147,0.5,0,1.0132e+05,288
#
10,-146,3,0,1.0132e+05,288
10,-146,2.5,0,1.0132e+05,288
10,-146,2,0,1.0132e+05,288
10,-146,1.5,0,1.0132e+05,288
10,-146,1,0,1.0132e+05,288
10,-146,0.5,0,1.0132e+05,288
#
10,-145,3,0,1.0132e+05,288
10,-145,2.5,0,1.0132e+05,288
10,-145,2,0,1.0132e+05,288
10,-145,1.5,0,1.0132e+05,288
10,-145,1,0,1.0132e+05,288
10,-145,0.5,0,1.0132e+05,288
#
10,-144,3,0,1.0132e+05,288
10,-144,2.5,0,1.0132e+05,288
10,-144,2,0,1.0132e+05,288
10,-144,1.5,0,1.0132e+05,288
10,-144,1,0,1.0132e+05,288
10,-144,0.5,0,1.0132e+05,288
#
10,-143,3,0,1.0132e+05,288
10,-143,2.5,0,1.0132e+05,288
10,-143,2,0,1.0132e+05,288
10,-143,1.5,0,1.0132e+05,288
10,-143,1,0,1.0132e+05,288
10,-143,0.5,0,1.0132e+05,288
#
10,-142,3,0,1.0132e+05,288
10,-142,2.5,0,1.0132e+05,288
10,-142,2,0,1.0132e+05,288
10,-142,1.5,0,1.0132e+05,288
10,-142,1,0,1.0132e+05,288
10,-142,0.5,0,1.0132e+05,288
#
10,-141,3,0,1.0132e+05,288
10,-141,2.5,0,1.0132e+05,288
10,-141,2,0,1.0132e+05,288
10,-141,1.5,0,1.0132e+05,288
10,-141,1,0,1.0132e+05,288
10,-141,0.5,0,1.0132e+05,288
#
10,-140,3,0,1.0132e+05,288
10,-140,2.5,0,1.0132e+05,288
10,-140,2,0,1.0132e+05,288
10,-140,1.5,0,1.0132e+05,288
10,-140,1,0,1.0132e+05,288
10,-140,0.5,0,1.0132e+05,288
#
10,-139,3,0,1.0132e+05,288
10,-139,2.5,0,1.0132e+05,288
10,-139,2,0,1.0132e+05,288
10,-139,1.5,0,1.0132e+05,288
10,-139,1,0,1.0132e+05,288
10,-139,0.5,0,1.0132e+05,288
#
10,-138,3,0,1.0132e+05,288
10,-138,2.5,0,1.0132e+05,288
10,-138,2,0,1.0132e+05,288
10,-138,1.5,0,1.0132e+05,288
10,-138,1,0,1.0132e+05,288
10,-138,0.5,0,1.0132e+05,288
#
10,-137,3,0,1.0132e+05,288
10,-137,2.5,0,1.0132e+05,288
10,-137,2,0,1.0132e+05,288
10,-137,1.5,0,1.0132e+05,288
10,-137,1,0,1.0132e+05,288
10,-137,0.5,0,1.0132e+05,288
#
10,-136,3,0,1.0132e+05,288
10,-136,2.5,0,1.0132e+05,288
10,-136,2,0,1.0132e+05,288
10,-136,1.5,0,1.0132e+05,288
10,-136,1,0,1.0132e+05,288
10,-136,0.5,0,1.0132e+05,288
#
10,-135,3,0,1.0132e+05,288
10,-135,2.5,0,1.0132e+05,288
10,-135,2,0,1.0132e+05,288
10,-135,1.5,0,1.0132e+05,288
10,-135,1,0,1.0132e+05,288
10,-135,0.5,0,1.0132e+05,288
#
10,-134,3,0,1.0132e+05,288
10,-134,2.5,0,1.0132e+05,288
10,-134,2,0,1.0132e+05,288
10,-134,1.5,0,1.0132e+05,288
10,-134,1,0,1.0132e+05,288
10,-134,0.5,0,1.0132e+05,288
#
10,-133,3,0,1.0132e+05,288
10,-133,2.5,0,1.0132e+05,288
10,-133,2,0,1.0132e+05,288
10,-133,1.5,0,1.0132e+05,288
10,-133,1,0,1.0132e+05,288
10,-133,0.5,0,1.0132e+05,288
#
10,-132,3,0,1.0132e+05,288
10,-132,2.5,0,1.0132e+05,288
10,-132,2,0,1.0132e+05,288
10,-132,1.5,0,1.0132e+05,288
10,-132,1,0,1.0132e+05,288
10,-132,0.5,0,1.0132e+05,288
#
10,-131,3,0,1.0132e+05,288
10,-131,2.5,0,1.0132e+05,288
10,-131,2,0,1.0132e+05,288
10,-131,1.5,0,1.0132e+05,288
10,-131,1,0,1.0132e+05,288
10,-131,0.5,0,1.0132e+05,288
#
10,-130,3,0,1.0132e+05,288
10,-130,2.5,0,1.0132e+05,288
10,-130,2,0,1.0132e+05,288
10,-130,1.5,0,1.0132e+05,288
10,-130,1,0,1.0132e+05,288
10,-130,0.5,0,1.0132e+05,288
#
10,-129,3,0,1.0132e+05,288
10,-129,2.5,0,1.0132e+05,288
10,-129,2,0,1.0132e+05,288
10,-129,1.5,0,1.0132e+05,288
10,-129,1,0,1.0132e+05,288
10,-129,0.5,0,1.0132e+05,288
#
10,-128,3,0,1.0132e+05,288
10,-128,2.5,0,1.0132e+05,288
10,-128,2,0,1.0132e+05,288
10,-128,1.5,0,1.0132e+05,288
10,-128,1,0,1.0132e+05,288
10,-128,0.5,0,1.0132e+05,288
#
10,-127,3,0,1.0132e+05,288
10,-127,2.5,0,1.0132e+05,288
10,-127,2,0,1.0132e+05,288
10,-127,1.5,0,1.0132e+05,288
10,-127,1,0,1.0132e+05,288
10,-127,0.5,0,1.0132e+05,288
#
10,-126,3,0,1.0132e+05,288
10,-126,2.5,0,1.0132e+05,288
10,-126,2,0,1.0132e+05,288
10,-126,1.5,0,1.0132e+05,288
10,-126,1,0,1.0132e+05,288
10,-126,0.5,0,1.0132e+05,288
#
10,-125,3,0,1.0132e+05,288
10,-125,2.5,0,1.0132e+05,288
10,-125,2,0,1.0132e+05,288
10,-125,1.5,0,1.0132e+05,288
10,-125,1,0,1.0132e+05,288
10,-125,0.5,0,1.0132e+05,288
#
10,-124,3,0,1.0132e+05,288
10,-124,2.5,0,1.0132e+05,288
10,-124,2,0,1.0132e+05,288
10,-124,1.5,0,1.0132e+05,288
10,-124,1,0,1.0132e+05,288
10,-124,0.5,0,1.0132e+05,288
#
10,-123,3,0,1.0132e+05,288
10,-123,2.5,0,1.0132e+05,288
10,-123,2,0,1.0132e+05,288
10,-123,1.5,0,1.0132e+05,288
10,-123,1,0,1.0132e+05,288
10,-123,0.5,0,1.0132e+05,288
#
10,-122,3,0,1.0132e+05,288
10,-122,2.5,0,1.0132e+05,288
10,-122,2,0,1.0132e+05,288
10,-122,1.5,0,1.0132e+05,288
10,-122,1,0,1.0132e+05,288
10,-122,0.5,0,1.0132e+05,288
#
10,-121,3,0,1.0132e+05,288
10,-121,2.5,0,1.0132e+05,288
10,-121,2,0,1.0132e+05,288
10,-121,1.5,0,1.0132e+05,288
10,-121,1,0,1.0132e+05,288
10,-121,0.5,0,1.0132e+05,288
#
10,-120,3,0,1.0132e+05,288
10,-120,2.5,0,1.0132e+05,288
10,-120,2,0,1.0132e+05,288
10,-120,1.5,0,1.0132e+05,288
10,-120,1,0,1.0132e+05,288
10,-120,0.5,0,1.0132e+05,288
#
10,-119,3,0,1.0132e+05,288
10,-119,2.5,0,1.0132e+05,288
10,-119,2,0,1.0132e+05,288
10,-119,1.5,0,1.0132e+05,288
10,-119,1,0,1.0132e+05,288
10,-119,0.5,0,1.0132e+05,288
#
10,-118,3,0,1.0132e+05,288
10,-118,2.5,0,1.0132e+05,288
10,-118,2,0,1.0132e+05,288
10,-118,1.5,0,1.0132e+05,288
10,-118,1,0,1.0132e+05,288
10,-118,0.5,0,1.0132e+05,288
#
10,-117,3,0,1.0132e+05,288
10,-117,2.5,0,1.0132e+05,288
10,-117,2,0,1.0132e+05,288
10,-117,1.5,0,1.0132e+05,288
10,-117,1,0,1.0132e+05,288
10,-117,0.5,0,1.0132e+05,288
#
10,-116,3,0,1.0132e+05,288
10,-116,2.5,0,1.0132e+05,288
10,-116,2,0,1.0132e+05,288
10,-116,1.5,0,1.0132e+05,288
10,-116,1,0,1.0132e+05,288
10,-116,0.5,0,1.0132e+05,288
#
10,-115,3,0,1.0132e+05,288
10,-115,2.5,0,1.0132e+05,288
10,-115,2,0,1.0132e+05,288
10,-115,1.5,0,1.0132e+05,288
10,-115,1,0,1.0132e+05,288
10,-115,0.5,0,1.0132e+05,288
#
10,-114,3,0,1.0132e+05,288
10,-114,2.5,0,1.0132e+05,288
10,-114,2,0,1.0132e+05,288
10,-114,1.5,0,1.0132e+05,288
10,-114,1,0,1.0132e+05,288
10,-114,0.5,0,1.0132e+05,288
#
10,-113,3,0,1.0132e+05,288
10,-113,2.5,0,1.0132e+05,288
10,-113,2,0,1.0132e+05,288
10,-113,1.5,0,1.0132e+05,288
10,-113,1,0,1.0132e+05,288
10,-113,0.5,0,1.0132e+05,288
#
10,-112,3,0,1.0132e+05,288
10,-112,2.5,0,1.0132e+05,288
10,-112,2,0,1.0132e+05,288
10,-112,1.5,0,1.0132e+05,288
10,-112,1,0,1.0132e+05,288
10,-112,0.5,0,1.0132e+05,288
#
10,-111,3,0,1.0132e+05,288
10,-111,2.5,0,1.0132e+05,288
10,-111,2,0,1.0132e+05,288
10,-111,1.5,0,1.0132e+05,288
10,-111,1,0,1.0132e+05,288
10,-111,0.5,0,1.0132e+05,288
#
10,-110,3,0,1.0132e+05,288
10,-110,2.5,0,1.0132e+05,288
10,-110,2,0,1.0132e+05,288
10,-110,1.5,0,1.0132e+05,288
10,-110,1,0,1.0132e+05,288
10,-110,0.5,0,1.0132e+05,288
#
10,-109,3,0,1.0132e+05,288
10,-109,2.5,0,1.0132e+05,288
10,-109,2,0,1.0132e+05,288
10,-109,1.5,0,1.0132e+05,288
10,-109,1,0,1.0132e+05,288
10,-109,0.5,0,1.0132e+05,288
#
10,-108,3,0,1.0132e+05,288
10,-108,2.5,0,1.0132e+05,288
10,-108,2,0,1.0132e+05,288
10,-108,1.5,0,1.0132e+05,288
10,-108,1,0,1.0132e+05,288
10,-108,0.5,0,1.0132e+05,288
#
10,-107,3,0,1.0132e+05,288
10,-107,2.5,0,1.0132e+05,288
10,-107,2,0,1.0132e+05,288
10,-107,1.5,0,1.0132e+05,288
10,-107,1,0,1.0132e+05,288
10,-107,0.5,0,1.0132e+05,288
#
10,-106,3,0,1.0132e+05,288
10,-106,2.5,0,1.0132e+05,288
10,-106,2,0,1.0132e+05,288
10,-106,1.5,0,1.0132e+05,288
10,-106,1,0,1.0132e+05,288
10,-106,0.5,0,1.0132e+05,288
#
10,-105,3,0,1.0132e+05,288
10,-105,2.5,0,1.0132e+05,288
10,-105,2,0,1.0132e+05,288
10,-105,1.5,0,1.0132e+05,288
10,-105,1,0,1.0132e+05,288
10,-105,0.5,0,1.0132e+05,288
#
10,-104,3,0,1.0132e+05,288
10,-104,2.5,0,1.0132e+05,288
10,-104,2,0,1.0132e+05,288
10,-104,1.5,0,1.0132e+05,288
10,-104,1,0,1.0132e+05,288
10,-104,0.5,0,1.0132e+05,288
#
10,-103,3,0,1.0132e+05,288
10,-103,2.5,0,1.0132e+05,288
10,-103,2,0,1.0132e+05,288
10,-103,1.5,0,1.0132e+05,288
10,-103,1,0,1.0132e+05,288
10,-103,0.5,0,1.0132e+05,288
#
10,-102,3,0,1.0132e+05,288
10,-102,2.5,0,1.0132e+05,288
10,-102,2,0,1.0132e+05,288
10,-102,1.5,0,1.0132e+05,288
10,-102,1,0,1.0132e+05,288
10,-102,0.5,0,1.0132e+05,288
#
10,-101,3,0,1.0132e+05,288
10,-101,2.5,0,1.0132e+05,288
10,-101,2,0,1.0132e+05,288
10,-101,1.5,0,1.0132e+05,288
10,-101,1,0,1.0132e+05,288
10,-101,0.5,0,1.0132e+05,288
#
10,-100,3,0,1.0132e+05,288
10,-100,2.5,0,1.0132e+05,288
10,-100,2,0,1.0132e+05,288
10,-100,1.5,0,1.0132e+05,288
10,-100,1,0,1.0132e+05,288
10,-100,0.5,0,1.0132e+05,288
#
10,-99,3,0,1.0132e+05,288
10,-99,2.5,0,1.0132e+05,288
10,-99,2,0,1.0132e+05,288
10,-99,1.5,0,1.0132e+05,288
10,-99,1,0,1.0132e+05,288
10,-99,0.5,0,1.0132e+05,288
#
10,-98,3,0,1.0132e+05,288
10,-98,2.5,0,1.0132e+05,288
10,-98,2,0,1.0132e+05,288
10,-98,1.5,0,1.0132e+05,288
10,-98,1,0,1.0132e+05,288
10,-98,0.5,0,1.0132e+05,288
#
10,-97,3,0,1.0132e+05,288
10,-97,2.5,0,1.0132e+05,288
10,-97,2,0,1.0132e+05,288
10,-97,1.5,0,1.0132e+05,288
10,-97,1,0,1.0132e+05,288
10,-97,0.5,0,1.0132e+05,288
#
10,-96,3,0,1.0132e+05,288
10,-96,2.5,0,1.0132e+05,288
10,-96,2,0,1.0132e+05,288
10,-96,1.5,0,1.0132e+05,288
10,-96,1,0,1.0132e+05,288
10,-96,0.5,0,1.0132e+05,288
#
10,-95,3,0,1.0132e+05,288
10,-95,2.5,0,1.0132e+05,288
10,-95,2,0,1.0132e+05,288
10,-95,1.5,0,1.0132e+05,288
10,-95,1,0,1.0132e+05,288
10,-95,0.5,0,1.0132e+05,288
#
10,-94,3,0,1.0132e+05,288
10,-94,2.5,0,1.0132e+05,288
10,-94,2,0,1.0132e+05,288
10,-94,1.5,0,1.0132e+05,288
10,-94,1,0,1.0132e+05,288
10,-94,0.5,0,1.0132e+05,288
#
10,-93,3,0,1.0132e+05,288
10,-93,2.5,0,1.0132e+05,288
10,-93,2,0,1.0132e+05,288
10,-93,1.5,0,1.0132e+05,288
10,-93,1,0,1.0132e+05,288
10,-93,0.5,0,1.0132e+05,288
#
10,-92,3,0,1.0132e+05,288
10,-92,2.5,0,1.0132e+05,288
10,-92,2,0,1.0132e+05,288
10,-92,1.5,0,1.0132e+05,288
10,-92,1,0,1.0132e+05,288
10,-92,0.5,0,1.0132e+05,288
#
10,-91,3,0,1.0132e+05,288
10,-91,2.5,0,1.0132e+05,288
10,-91,2,0,1.0132e+05,288
10,-91,1.5,0,1.0132e+05,288
10,-91,1,0,1.0132e+05,288
10,-91,0.5,0,1.0132e+05,288
#
10,-90,3,0,1.0132e+05,288
10,-90,2.5,0,1.0132e+05,288
10,-90,2,0,1.0132e+05,288
10,-90,1.5,0,1.0132e+05,288
10,-90,1,0,1.0132e+05,288
10,-90,0.5,0,1.0132e+05,288
#
10,-89,3,0,1.0132e+05,288
10,-89,2.5,0,1.0132e+05,288
10,-89,2,0,1.0132e+05,288
10,-89,1.5,0,1.0132e+05,288
10,-89,1,0,1.0132e+05,288
10,-89,0.5,0,1.0132e+05,288
#
10,-88,3,0,1.0132e+05,288
10,-88,2.5,0,1.0132e+05,288
10,-88,2,0,1.0132e+05,288
10,-88,1.5,0,1.0132e+05,288
10,-88,1,0,1.0132e+05,288
10,-88,0.5,0,1.0132e+05,288
#
10,-87,3,0,1.0132e+05,288
10,-87,2.5,0,1.0132e+05,288
10,-87,2,0,1.0132e+05,288
10,-87,1.5,0,1.0132e+05,288
10,-87,1,0,1.0132e+05,288
10,-87,0.5,0,1.0132e+05,288
#
10,-86,3,0,1.0132e+05,288
10,-86,2.5,0,1.0132e+05,288
10,-86,2,0,1.0132e+05,288
10,-86,1.5,0,1.0132e+05,288
10,-86,1,0,1.0132e+05,288
10,-86,0.5,0,1.0132e+05,288
#
10,-85,3,0,1.0132e+05,288
10,-85,2.5,0,1.0132e+05,288
10,-85,2,0,1.0132e+05,288
10,-85,1.5,0,1.0132e+05,288
10,-85,1,0,1.0132e+05,288
10,-85,0.5,0,1.0132e+05,288
#
10,-84,3,0,1.0132e+05,288
10,-84,2.5,0,1.0132e+05,288
10,-84,2,0,1.0132e+05,288
10,-84,1.5,0,1.0132e+05,288
10,-84,1,0,1.0132e+05,288
10,-84,0.5,0,1.0132e+05,288
#
10,-83,3,0,1.0132e+05,288
10,-83,2.5,0,1.0132e+05,288
10,-83,2,0,1.0132e+05,288
10,-83,1.5,0,1.0132e+05,288
10,-83,1,0,1.0132e+05,288
10,-83,0.5,0,1.0132e+05,288
#
10,-82,3,0,1.0132e+05,288
10,-82,2.5,0,1.0132e+05,288
10,-82,2,0,1.0132e+05,288
10,-82,1.5,0,1.0132e+05,288
10,-82,1,0,1.0132e+05,288
10,-82,0.5,0,1.0132e+05,288
#
10,-81,3,0,1.0132e+05,288
10,-81,2.5,0,1.0132e+05,288
10,-81,2,0,1.0132e+05,288
10,-81,1.5,0,1.0132e+05,288
10,-81,1,0,1.0132e+05,288
10,-81,0.5,0,1.0132e+05,288
#
10,-80,3,0,1.0132e+05,288
10,-80,2.5,0,1.0132e+05,288
10,-80,2,0,1.0132e+05,288
10,-80,1.5,0,1.0132e+05,288
10,-80,1,0,1.0132e+05,288
10,-80,0.5,0,1.0132e+05,288
#
10,-79,3,0,1.0132e+05,288
10,-79,2.5,0,1.0132e+05,288
10,-79,2,0,1.0132e+05,288
10,-79,1.5,0,1.0132e+05,288
10,-79,1,0,1.0132e+05,288
10,-79,0.5,0,1.0132e+05,288
#
10,-78,3,0,1.0132e+05,288
10,-78,2.5,0,1.0132e+05,288
10,-78,2,0,1.0132e+05,288
10,-78,1.5,0,1.0132e+05,288
10,-78,1,0,1.0132e+05,288
10,-78,0.5,0,1.0132e+05,288
#
10,-77,3,0,1.0132e+05,288
10,-77,2.5,0,1.0132e+05,288
10,-77,2,0,1.0132e+05,288
10,-77,1.5,0,1.0132e+05,288
10,-77,1,0,1.0132e+05,288
10,-77,0.5,0,1.0132e+05,288
#
10,-76,3,0,1.0132e+05,288
10,-76,2.5,0,1.0132e+05,288
10,-76,2,0,1.0132e+05,288
10,-76,1.5,0,1.0132e+05,288
10,-76,1,0,1.0132e+05,288
10,-76,0.5,0,1.0132e+05,288
#
10,-75,3,0,1.0132e+05,288
10,-75,2.5,0,1.0132e+05,288
10,-75,2,0,1.0132e+05,288
10,-75,1.5,0,1.0132e+05,288
10,-75,1,0,1.0132e+05,288
10,-75,0.5,0,1.0132e+05,288
#
10,-74,3,0,1.0132e+05,288
10,-74,2.5,0,1.0132e+05,288
10,-74,2,0,1.0132e+05,288
10,-74,1.5,0,1.0132e+05,288
10,-74,1,0,1.0132e+05,288
10,-74,0.5,0,1.0132e+05,288
#
10,-73,3,0,1.0132e+05,288
10,-73,2.5,0,1.0132e+05,288
10,-73,2,0,1.0132e+05,288
10,-73,1.5,0,1.0132e+05,288
10,-73,1,0,1.0132e+05,288
10,-73,0.5,0,1.0132e+05,288
#
10,-72,3,0,1.0132e+05,288
10,-72,2.5,0,1.0132e+05,288
10,-72,2,0,1.0132e+05,288
10,-72,1.5,0,1.0132e+05,288
10,-72,1,0,1.0132e+05,288
10,-72,0.5,0,1.0132e+05,288
#
10,-71,3,0,1.0132e+05,288
10,-71,2.5,0,1.0132e+05,288
10,-71,2,0,1.0132e+05,288
10,-71,1.5,0,1.0132e+05,288
10,-71,1,0,1.0132e+05,288
10,-71,0.5,0,1.0132e+05,288
#
10,-70,3,0,1.0132e+05,288
10,-70,2.5,0,1.0132e+05,288
10,-70,2,0,1.0132e+05,288
10,-70,1.5,0,1.0132e+05,288
10,-70,1,0,1.0132e+05,288
10,-70,0.5,0,1.0132e+05,288
#
10,-69,3,0,1.0132e+05,288
10,-69,2.5,0,1.0132e+05,288
10,-69,2,0,1.0132e+05,288
10,-69,1.5,0,1.0132e+05,288
10,-69,1,0,1.0132e+05,288
10,-69,0.5,0,1.0132e+05,288
#
10,-68,3,0,1.0132e+05,288
10,-68,2.5,0,1.0132e+05,288
10,-68,2,0,1.0132e+05,288
10,-68,1.5,0,1.0132e+05,288
10,-68,1,0,1.0132e+05,288
10,-68,0.5,0,1.0132e+05,288
#
10,-67,3,0,1.0132e+05,288
10,-67,2.5,0,1.0132e+05,288
10,-67,2,0,1.0132e+05,288
10,-67,1.5,0,1.0132e+05,288
10,-67,1,0,1.0132e+05,288
10,-67,0.5,0,1.0132e+05,288
#
10,-66,3,0,1.0132e+05,288
10,-66,2.5,0,1.0132e+05,288
10,-66,2,0,1.0132e+05,288
10,-66,1.5,0,1.0132e+05,288
10,-66,1,0,1.0132e+05,288
10,-66,0.5,0,1.0132e+05,288
#
10,-65,3,0,1.0132e+05,288
10,-65,2.5,0,1.0132e+05,288
10,-65,2,0,1.0132e+05,288
10,-65,1.5,0,1.0132e+05,288
10,-65,1,0,1.0132e+05,288
10,-65,0.5,0,1.0132e+05,288
#
10,-64,3,0,1.0132e+05,288
10,-64,2.5,0,1.0132e+05,288
10,-64,2,0,1.0132e+05,288
10,-64,1.5,0,1.0132e+05,288
10,-64,1,0,1.0132e+05,288
10,-64,0.5,0,1.0132e+05,288
#
10,-63,3,0,1.0132e+05,288
10,-63,2.5,0,1.0132e+05,288
10,-63,2,0,1.0132e+05,288
10,-63,1.5,0,1.0132e+05,288
10,-63,1,0,1.0132e+05,288
10,-63,0.5,0,1.0132e+05,288
#
10,-62,3,0,1.0132e+05,288
10,-62,2.5,0,1.0132e+05,288
10,-62,2,0,1.0132e+05,288
10,-62,1.5,0,1.0132e+05,288
10,-62,1,0,1.0132e+05,288
10,-62,0.5,0,1.0132e+05,288
#
10,-61,3,0,1.0132e+05,288
10,-61,2.5,0,1.0132e+05,288
10,-61,2,0,1.0132e+05,288
10,-61,1.5,0,1.0132e+05,288
10,-61,1,0,1.0132e+05,288
10,-61,0.5,0,1.0132e+05,288
#
10,-60,3,0,1.0132e+05,288
10,-60,2.5,0,1.0132e+05,288
10,-60,2,0,1.0132e+05,288
10,-60,1.5,0,1.0132e+05,288
10,-60,1,0,1.0132e+05,288
10,-60,0.5,0,1.0132e+05,288
#
10,-59,3,0,1.0132e+05,288
10,-59,2.5,0,1.0132e+05,288
10,-59,2,0,1.0132e+05,288
10,-59,1.5,0,1.0132e+05,288
10,-59,1,0,1.0132e+05,288
10,-59,0.5,0,1.0132e+05,288
#
10,-58,3,0,1.0132e+05,288
10,-58,2.5,0,1.0132e+05,288
10,-58,2,0,1.0132e+05,288
10,-58,1.5,0,1.0132e+05,288
10,-58,1,0,1.0132e+05,288
10,-58,0.5,0,1.0132e+05,288
#
10,-57,3,0,1.0132e+05,288
10,-57,2.5,0,1.0132e+05,288
10,-57,2,0,1.0132e+05,288
10,-57,1.5,0,1.0132e+05,288
10,-57,1,0,1.0132e+05,288
10,-57,0.5,0,1.0132e+05,288
#
10,-56,3,0,1.0132e+05,288
10,-56,2.5,0,1.0132e+05,288
10,-56,2,0,1.0132e+05,288
10,-56,1.5,0,1.0132e+05,288
10,-56,1,0,1.0132e+05,288
10,-56,0.5,0,1.0132e+05,288
#
10,-55,3,0,1.0132e+05,288
10,-55,2.5,0,1.0132e+05,288
10,-55,2,0,1.0132e+05,288
10,-55,1.5,0,1.0132e+05,288
10,-55,1,0,1.0132e+05,288
10,-55,0.5,0,1.0132e+05,288
#
10,-54,3,0,1.0132e+05,288
10,-54,2.5,0,1.0132e+05,288
10,-54,2,0,1.0132e+05,288
10,-54,1.5,0,1.0132e+05,288
10,-54,1,0,1.0132e+05,288
10,-54,0.5,0,1.0132e+05,288
#
10,-53,3,0,1.0132e+05,288
10,-53,2.5,0,1.0132e+05,288
10,-53,2,0,1.0132e+05,288
10,-53,1.5,0,1.0132e+05,288
10,-53,1,0,1.0132e+05,288
10,-53,0.5,0,1.0132e+05,288
#
10,-52,3,0,1.0132e+05,288
10,-52,2.5,0,1.0132e+05,288
10,-52,2,0,1.0132e+05,288
10,-52,1.5,0,1.0132e+05,288
10,-52,1,0,1.0132e+05,288
10,-52,0.5,0,1.0132e+05,288
#
10,-51,3,0,1.0132e+05,288
10,-51,2.5,0,1.0132e+05,288
10,-51,2,0,1.0132e+05,288
10,-51,1.5,0,1.0132e+05,288
10,-51,1,0,1.0132e+05,288
10,-51,0.5,0,1.0132e+05,288
#
10,-50,3,0,1.0132e+05,288
10,-50,2.5,0,1.0132e+05,288
10,-50,2,0,1.0132e+05,288
10,-50,1.5,0,1.0132e+05,288
10,-50,1,0,1.0132e+05,288
10,-50,0.5,0,1.0132e+05,288
#
10,-49,3,0,1.0132e+05,288
10,-49,2.5,0,1.0132e+05,288
10,-49,2,0,1.0132e+05,288
10,-49,1.5,0,1.0132e+05,288
10,-49,1,0,1.0132e+05,288
10,-49,0.5,0,1.0132e+05,288
#
10,-48,3,0,1.0132e+05,288
10,-48,2.5,0,1.0132e+05,288
10,-48,2,0,1.0132e+05,288
10,-48,1.5,0,1.0132e+05,288
10,-48,1,0,1.0132e+05,288
10,-48,0.5,0,1.0132e+05,288
#
10,-47,3,0,1.0132e+05,288
10,-47,2.5,0,1.0132e+05,288
10,-47,2,0,1.0132e+05,288
10,-47,1.5,0,1.0132e+05,288
10,-47,1,0,1.0132e+05,288
10,-47,0.5,0,1.0132e+05,288
#
10,-46,3,0,1.0132e+05,288
10,-46,2.5,0,1.0132e+05,288
10,-46,2,0,1.0132e+05,288
10,-46,1.5,0,1.0132e+05,288
10,-46,1,0,1.0132e+05,288
10,-46,0.5,0,1.0132e+05,288
#
10,-45,3,0,1.0132e+05,288
10,-45,2.5,0,1.0132e+05,288
10,-45,2,0,1.0132e+05,288
10,-45,1.5,0,1.0132e+05,288
10,-45,1,0,1.0132e+05,288
10,-45,0.5,0,1.0132e+05,288
#
10,-44,3,0,1.0132e+05,288
10,-44,2.5,0,1.0132e+05,288
10,-44,2,0,1.0132e+05,288
10,-44,1.5,0,1.0132e+05,288
10,-44,1,0,1.0132e+05,288
10,-44,0.5,0,1.0132e+05,288
#
10,-43,3,0,1.0132e+05,288
10,-43,2.5,0,1.0132e+05,288
10,-43,2,0,1.0132e+05,288
10,-43,1.5,0,1.0132e+05,288
10,-43,1,0,1.0132e+05,288
10,-43,0.5,0,1.0132e+05,288
#
10,-42,3,0,1.0132e+05,288
10,-42,2.5,0,1.0132e+05,288
10,-42,2,0,1.0132e+05,288
10,-42,1.5,0,1.0132e+05,288
10,-42,1,0,1.0132e+05,288
10,-42,0.5,0,1.0132e+05,288
#
10,-41,3,0,1.0132e+05,288
10,-41,2.5,0,1.0132e+05,288
10,-41,2,0,1.0132e+05,288
10,-41,1.5,0,1.0132e+05,288
10,-41,1,0,1.0132e+05,288
10,-41,0.5,0,1.0132e+05,288
#
10,-40,3,0,1.0132e+05,288
10,-40,2.5,0,1.0132e+05,288
10,-40,2,0,1.0132e+05,288
10,-40,1.5,0,1.0132e+05,288
10,-40,1,0,1.0132e+05,288
10,-40,0.5,0,1.0132e+05,288
#
10,-39,3,0,1.0132e+05,288
10,-39,2.5,0,1.0132e+05,288
10,-39,2,0,1.0132e+05,288
10,-39,1.5,0,1.0132e+05,288
10,-39,1,0,1.0132e+05,288
10,-39,0.5,0,1.0132e+05,288
#
10,-38,3,0,1.0132e+05,288
10,-38,2.5,0,1.0132e+05,288
10,-38,2,0,1.0132e+05,288
10,-38,1.5,0,1.0132e+05,288
10,-38,1,0,1.0132e+05,288
10,-38,0.5,0,1.0132e+05,288
#
10,-37,3,0,1.0132e+05,288
10,-37,2.5,0,1.0132e+05,288
10,-37,2,0,1.0132e+05,288
10,-37,1.5,0,1.0132e+05,288
10,-37,1,0,1.0132e+05,288
10,-37,0.5,0,1.0132e+05,288
#
10,-36,3,0,1.0132e+05,288
10,-36,2.5,0,1.0132e+05,288
10,-36,2,0,1.0132e+05,288
10,-36,1.5,0,1.0132e+05,288
10,-36,1,0,1.0132e+05,288
10,-36,0.5,0,1.0132e+05,288
#
10,-35,3,0,1.0132e+05,288
10,-35,2.5,0,1.0132e+05,288
10,-35,2,0,1.0132e+05,288
10,-35,1.5,0,1.0132e+05,288
10,-35,1,0,1.0132e+05,288
10,-35,0.5,0,1.0132e+05,288
#
10,-34,3,0,1.0132e+05,288
10,-34,2.5,0,1.0132e+05,288
10,-34,2,0,1.0132e+05,288
10,-34,1.5,0,1.0132e+05,288
10,-34,1,0,1.0132e+05,288
10,-34,0.5,0,1.0132e+05,288
#
10,-33,3,0,1.0132e+05,288
10,-33,2.5,0,1.0132e+05,288
10,-33,2,0,1.0132e+05,288
10,-33,1.5,0,1.0132e+05,288
10,-33,1,0,1.0132e+05,288
10,-33,0.5,0,1.0132e+05,288
#
10,-32,3,0,1.0132e+05,288
10,-32,2.5,0,1.0132e+05,288
10,-32,2,0,1.0132e+05,288
10,-32,1.5,0,1.0132e+05,288
10,-32,1,0,1.0132e+05,288
10,-32,0.5,0,1.0132e+05,288
#
10,-31,3,0,1.0132e+05,288
10,-31,2.5,0,1.0132e+05,288
10,-31,2,0,1.0132e+05,288
10,-31,1.5,0,1.0132e+05,288
10,-31,1,0,1.0132e+05,288
10,-31,0.5,0,1.0132e+05,288
#
10,-30,3,0,1.0132e+05,288
10,-30,2.5,0,1.0132e+05,288
10,-30,2,0,1.0132e+05,288
10,-30,1.5,0,1.0132e+05,288
10,-30,1,0,1.0132e+05,288
10,-30,0.5,0,1.0132e+05,288
#
10,-29,3,0,1.0132e+05,288
10,-29,2.5,0,1.0132e+05,288
10,-29,2,0,1.0132e+05,288
10,-29,1.5,0,1.0132e+05,288
10,-29,1,0,1.0132e+05,288
10,-29,0.5,0,1.0132e+05,288
#
10,-28,3,0,1.0132e+05,288
10,-28,2.5,0,1.0132e+05,288
10,-28,2,0,1.0132e+05,288
10,-28,1.5,0,1.0132e+05,288
10,-28,1,0,1.0132e+05,288
10,-28,0.5,0,1.0132e+05,288
#
10,-27,3,0,1.0132e+05,288
10,-27,2.5,0,1.0132e+05,288
10,-27,2,0,1.0132e+05,288
10,-27,1.5,0,1.0132e+05,288
10,-27,1,0,1.0132e+05,288
10,-27,0.5,0,1.0132e+05,288
#
10,-26,3,0,1.0132e+05,288
10,-26,2.5,0,1.0132e+05,288
10,-26,2,0,1.0132e+05,288
10,-26,1.5,0,1.0132e+05,288
10,-26,1,0,1.0132e+05,288
10,-26,0.5,0,1.0132e+05,288
#
10,-25,3,0,1.0132e+05,288
10,-25,2.5,0,1.0132e+05,288
10,-25,2,0,1.0132e+05,288
10,-25,1.5,0,1.0132e+05,288
10,-25,1,0,1.0132e+05,288
10,-25,0.5,0,1.0132e+05,288
#
10,-24,3,0,1.0132e+05,288
10,-24,2.5,0,1.0132e+05,288
10,-24,2,0,1.0132e+05,288
10,-24,1.5,0,1.0132e+05,288
10,-24,1,0,1.0132e+05,288
10,-24,0.5,0,1.0132e+05,288
#
10,-23,3,0,1.0132e+05,288
10,-23,2.5,0,1.0132e+05,288
10,-23,2,0,1.0132e+05,288
10,-23,1.5,0,1.0132e+05,288
10,-23,1,0,1.0132e+05,288
10,-23,0.5,0,1.0132e+05,288
#
10,-22,3,0,1.0132e+05,288
10,-22,2.5,0,1.0132e+05,288
10,-22,2,0,1.0132e+05,288
10,-22,1.5,0,1.0132e+05,288
10,-22,1,0,1.0132e+05,288
10,-22,0.5,0,1.0132e+05,288
#
10,-21,3,0,1.0132e+05,288
10,-21,2.5,0,1.0132e+05,288
10,-21,2,0,1.0132e+05,288
10,-21,1.5,0,1.0132e+05,288
10,-21,1,0,1.0132e+05,288
10,-21,0.5,0,1.0132e+05,288
#
10,-20,3,0,1.0132e+05,288
10,-20,2.5,0,1.0132e+05,288
10,-20,2,0,1.0132e+05,288
10,-20,1.5,0,1.0132e+05,288
10,-20,1,0,1.0132e+05,288
10,-20,0.5,0,1.0132e+05,288
#
10,-19,3,0,1.0132e+05,288
10,-19,2.5,0,1.0132e+05,288
10,-19,2,0,1.0132e+05,288
10,-19,1.5,0,1.0132e+05,288
10,-19,1,0,1.0132e+05,288
10,-19,0.5,0,1.0132e+05,288
#
10,-18,3,0,1.0132e+05,288
10,-18,2.5,0,1.0132e+05,288
10,-18,2,0,1.0132e+05,288
10,-18,1.5,0,1.0132e+05,288
10,-18,1,0,1.0132e+05,288
10,-18,0.5,0,1.0132e+05,288
#
10,-17,3,0,1.0132e+05,288
10,-17,2.5,0,1.0132e+05,288
10,-17,2,0,1.0132e+05,288
10,-17,1.5,0,1.0132e+05,288
10,-17,1,0,1.0132e+05,288
10,-17,0.5,0,1.0132e+05,288
#
10,-16,3,0,1.0132e+05,288
10,-16,2.5,0,1.0132e+05,288
10,-16,2,0,1.0132e+05,288
10,-16,1.5,0,1.0132e+05,288
10,-16,1,0,1.0132e+05,288
10,-16,0.5,0,1.0132e+05,288
#
10,-15,3,0,1.0132e+05,288
10,-15,2.5,0,1.0132e+05,288
10,-15,2,0,1.0132e+05,288
10,-15,1.5,0,1.0132e+05,288
10,-15,1,0,1.0132e+05,288
10,-15,0.5,0,1.0132e+05,288
#
10,-14,3,0,1.0132e+05,288
10,-14,2.5,0,1.0132e+05,288
10,-14,2,0,1.0132e+05,288
10,-14,1.5,0,1.0132e+05,288
10,-14,1,0,1.0132e+05,288
10,-14,0.5,0,1.0132e+05,288
#
10,-13,3,0,1.0132e+05,288
10,-13,2.5,0,1.0132e+05,288
10,-13,2,0,1.0132e+05,288
10,-13,1.5,0,1.0132e+05,288
10,-13,1,0,1.0132e+05,288
10,-13,0.5,0,1.0132e+05,288
#
10,-12,3,0,1.0132e+05,288
10,-12,2.5,0,1.0132e+05,288
10,-12,2,0,1.0132e+05,288
10,-12,1.5,0,1.0132e+05,288
10,-12,1,0,1.0132e+05,288
10,-12,0.5,0,1.0132e+05,288
#
10,-11,3,0,1.0132e+05,288
10,-11,2.5,0,1.0132e+05,288
10,-11,2,0,1.0132e+05,288
10,-11,1.5,0,1.0132e+05,288
10,-11,1,0,1.0132e+05,288
10,-11,0.5,0,1.0132e+05,288
#
10,-10,3,0,1.0132e+05,288
10,-10,2.5,0,1.0132e+05,288
10,-10,2,0,1.0132e+05,288
10,-10,1.5,0,1.0132e+05,288
10,-10,1,0,1.0132e+05,288
10,-10,0.5,0,1.0132e+05,288
#
10,-9,3,0,1.0132e+05,288
10,-9,2.5,0,1.0132e+05,288
10,-9,2,0,1.0132e+05,288
10,-9,1.5,0,1.0132e+05,288
10,-9,1,0,1.0132e+05,288
10,-9,0.5,0,1.0132e+05,288
#
10,-8,3,0,1.0132e+05,288
10,-8,2.5,0,1.0132e+05,288
10,-8,2,0,1.0132e+05,288
10,-8,1.5,0,1.0132e+05,288
10,-8,1,0,1.0132e+05,288
10,-8,0.5,0,1.0132e+05,288
#
10,-7,3,0,1.0132e+05,288
10,-7,2.5,0,1.0132e+05,288
10,-7,2,0,1.0132e+05,288
10,-7,1.5,0,1.0132e+05,288
10,-7,1,0,1.0132e+05,288
10,-7,0.5,0,1.0132e+05,288
#
10,-6,3,0,1.0132e+05,288
10,-6,2.5,0,1.0132e+05,288
10,-6,2,0,1.0132e+05,288
10,-6,1.5,0,1.0132e+05,288
10,-6,1,0,1.0132e+05,288
10,-6,0.5,0,1.0132e+05,288
#
10,-5,3,0,1.0132e+05,288
10,-5,2.5,0,1.0132e+05,288
10,-5,2,0,1.0132e+05,288
10,-5,1.5,0,1.0132e+05,288
10,-5,1,0,1.0132e+05,288
10,-5,0.5,0,1.0132e+05,288
#
10,-4,3,0,1.0132e+05,288
10,-4,2.5,0,1.0132e+05,288
10,-4,2,0,1.0132e+05,288
10,-4,1.5,0,1.0132e+05,288
10,-4,1,0,1.0132e+05,288
10,-4,0.5,0,1.0132e+05,288
#
10,-3,3,0,1.0132e+05,288
10,-3,2.5,0,1.0132e+05,288
10,-3,2,0,1.0132e+05,288
10,-3,1.5,0,1.0132e+05,288
10,-3,1,0,1.0132e+05,288
10,-3,0.5,0,1.0132e+05,288
#
10,-2,3,0,1.0132e+05,288
10,-2,2.5,0,1.0132e+05,288
10,-2,2,0,1.0132e+05,288
10,-2,1.5,0,1.0132e+05,288
10,-2,1,0,1.0132e+05,288
10,-2,0.5,0,1.0132e+05,288
#
10,-1,3,0,1.0132e+05,288
10,-1,2.5,0,1.0132e+05,288
10,-1,2,0,1.0132e+05,288
10,-1,1.5,0,1.0132e+05,288
10,-1,1,0,1.0132e+05,288
10,-1,0.5,0,1.0132e+05,288
#
10,0,3,0,1.0132e+05,288
10,0,2.5,0,1.0132e+05,288
10,0,2,0,1.0132e+05,288
10,0,1.5,0,1.0132e+05,288
10,0,1,0,1.0132e+05,288
10,0,0.5,0,1.0132e+05,288
#
10,1,3,0,1.0132e+05,288
10,1,2.5,0,1.0132e+05,288
10,1,2,0,1.0132e+05,288
10,1,1.5,0,1.0132e+05,288
10,1,1,0,1.0132e+05,288
10,1,0.5,0,1.0132e+05,288
#
10,2,3,0,1.0132e+05,288
10,2,2.5,0,1.0132e+05,288
10,2,2,0,1.0132e+05,288
10,2,1.5,0,1.0132e+05,288
10,2,1,0,1.0132e+05,288
10,2,0.5,0,1.0132e+05,288
#
10,3,3,0,1.0132e+05,288
10,3,2.5,0,1.0132e+05,288
10,3,2,0,1.0132e+05,288
10,3,1.5,0,1.0132e+05,288
10,3,1,0,1.0132e+05,288
10,3,0.5,0,1.0132e+05,288
#
10,4,3,0,1.0132e+05,288
10,4,2.5,0,1.0132e+05,288
10,4,2,0,1.0132e+05,288
10,4,1.5,0,1.0132e+05,288
10,4,1,0,1.0132e+05,288
10,4,0.5,0,1.0132e+05,288
#
10,5,3,0,1.0132e+05,288
10,5,2.5,0,1.0132e+05,288
10,5,2,0,1.0132e+05,288
10,5,1.5,0,1.0132e+05,288
10,5,1,0,1.0132e+05,288
10,5,0.5,0,1.0132e+05,288
#
10,6,3,0,1.0132e+05,288
10,6,2.5,0,1.0132e+05,288
10,6,2,0,1.0132e+05,288
10,6,1.5,0,1.0132e+05,288
10,6,1,0,1.0132e+05,288
10,6,0.5,0,1.0132e+05,288
#
10,7,3,0,1.0132e+05,288
10,7,2.5,0,1.0132e+05,288
10,7,2,0,1.0132e+05,288
10,7,1.5,0,1.0132e+05,288
10,7,1,0,1.0132e+05,288
10,7,0.5,0,1.0132e+05,288
#
10,8,3,0,1.0132e+05,288
10,8,2.5,0,1.0132e+05,288
10,8,2,0,1.0132e+05,288
10,8,1.5,0,1.0132e+05,288
10,8,1,0,1.0132e+05,288
10,8,0.5,0,1.0132e+05,288
#
10,9,3,0,1.0132e+05,288
10,9,2.5,0,1.0132e+05,288
10,9,2,0,1.0132e+05,288
10,9,1.5,0,1.0132e+05,288
10,9,1,0,1.0132e+05,288
10,9,0.5,0,1.0132e+05,288
#
10,10,3,0,1.0132e+05,288
10,10,2.5,0,1.0132e+05,288
10,10,2,0,1.0132e+05,288
10,10,1.5,0,1.0132e+05,288
10,10,1,0,1.0132e+05,288
10,10,0.5,0,1.0132e+05,288
#
10,11,3,0,1.0132e+05,288
10,11,2.5,0,1.0132e+05,288
10,11,2,0,1.0132e+05,288
10,11,1.5,0,1.0132e+05,288
10,11,1,0,1.0132e+05,288
10,11,0.5,0,1.0132e+05,288
#
10,12,3,0,1.0132e+05,288
10,12,2.5,0,1.0132e+05,288
10,12,2,0,1.0132e+05,288
10,12,1.5,0,1.0132e+05,288
10,12,1,0,1.0132e+05,288
10,12,0.5,0,1.0132e+05,288
#
10,13,3,0,1.0132e+05,288
10,13,2.5,0,1.0132e+05,288
10,13,2,0,1.0132e+05,288
10,13,1.5,0,1.0132e+05,288
10,13,1,0,1.0132e+05,288
10,13,0.5,0,1.0132e+05,288
#
10,14,3,0,1.0132e+05,288
10,14,2.5,0,1.0132e+05,288
10,14,2,0,1.0132e+05,288
10,14,1.5,0,1.0132e+05,288
10,14,1,0,1.0132e+05,288
10,14,0.5,0,1.0132e+05,288
#
10,15,3,0,1.0132e+05,288
10,15,2.5,0,1.0132e+05,288
10,15,2,0,1.0132e+05,288
10,15,1.5,0,1.0132e+05,288
10,15,1,0,1.0132e+05,288
10,15,0.5,0,1.0132e+05,288
#
10,16,3,0,1.0132e+05,288
10,16,2.5,0,1.0132e+05,288
10,16,2,0,1.0132e+05,288
10,16,1.5,0,1.0132e+05,288
10,16,1,0,1.0132e+05,288
10,16,0.5,0,1.0132e+05,288
#
10,17,3,0,1.0132e+05,288
10,17,2.5,0,1.0132e+05,288
10,17,2,0,1.0132e+05,288
10,17,1.5,0,1.0132e+05,288
10,17,1,0,1.0132e+05,288
10,17,0.5,0,1.0132e+05,288
#
10,18,3,0,1.0132e+05,288
10,18,2.5,0,1.0132e+05,288
10,18,2,0,1.0132e+05,288
10,18,1.5,0,1.0132e+05,288
10,18,1,0,1.0132e+05,288
10,18,0.5,0,1.0132e+05,288
#
10,19,3,0,1.0132e+05,288
10,19,2.5,0,1.0132e+05,288
10,19,2,0,1.0132e+05,288
10,19,1.5,0,1.0132e+05,288
10,19,1,0,1.0132e+05,288
10,19,0.5,0,1.0132e+05,288
#
10,20,3,0,1.0132e+05,288
10,20,2.5,0,1.0132e+05,288
10,20,2,0,1.0132e+05,288
10,20,1.5,0,1.0132e+05,288
10,20,1,0,1.0132e+05,288
10,20,0.5,0,1.0132e+05,288
#
10,21,3,0,1.0132e+05,288
10,21,2.5,0,1.0132e+05,288
10,21,2,0,1.0132e+05,288
10,21,1.5,0,1.0132e+05,288
10,21,1,0,1.0132e+05,288
10,21,0.5,0,1.0132e+05,288
#
10,22,3,0,1.0132e+05,288
10,22,2.5,0,1.0132e+05,288
10,22,2,0,1.0132e+05,288
10,22,1.5,0,1.0132e+05,288
10,22,1,0,1.0132e+05,288
10,22,0.5,0,1.0132e+05,288
#
10,23,3,0,1.0132e+05,288
10,23,2.5,0,1.0132e+05,288
10,23,2,0,1.0132e+05,288
10,23,1.5,0,1.0132e+05,288
10,23,1,0,1.0132e+05,288
10,23,0.5,0,1.0132e+05,288
#
10,24,3,0,1.0132e+05,288
10,24,2.5,0,1.0132e+05,288
10,24,2,0,1.0132e+05,288
10,24,1.5,0,1.0132e+05,288
10,24,1,0,1.0132e+05,288
10,24,0.5,0,1.0132e+05,288
#
10,25,3,0,1.0132e+05,288
10,25,2.5,0,1.0132e+05,288
10,25,2,0,1.0132e+05,288
10,25,1.5,0,1.0132e+05,288
10,25,1,0,1.0132e+05,288
10,25,0.5,0,1.0132e+05,288
#
10,26,3,0,1.0132e+05,288
10,26,2.5,0,1.0132e+05,288
10,26,2,0,1.0132e+05,288
10,26,1.5,0,1.0132e+05,288
10,26,1,0,1.0132e+05,288
10,26,0.5,0,1.0132e+05,288
#
10,27,3,0,1.0132e+05,288
10,27,2.5,0,1.0132e+05,288
10,27,2,0,1.0132e+05,288
10,27,1.5,0,1.0132e+05,288
10,27,1,0,1.0132e+05,288
10,27,0.5,0,1.0132e+05,288
#
10,28,3,0,1.0132e+05,288
10,28,2.5,0,1.0132e+05,288
10,28,2,0,1.0132e+05,288
10,28,1.5,0,1.0132e+05,288
10,28,1,0,1.0132e+05,288
10,28,0.5,0,1.0132e+05,288
#
10,29,3,0,1.0132e+05,288
10,29,2.5,0,1.0132e+05,288
10,29,2,0,1.0132e+05,288
10,29,1.5,0,1.0132e+05,288
10,29,1,0,1.0132e+05,288
10,29,0.5,0,1.0132e+05,288
#
10,30,3,0,1.0132e+05,288
10,30,2.5,0,1.0132e+05,288
10,30,2,0,1.0132e+05,288
10,30,1.5,0,1.0132e+05,288
10,30,1,0,1.0132e+05,288
10,30,0.5,0,1.0132e+05,288
#
10,31,3,0,1.0132e+05,288
10,31,2.5,0,1.0132e+05,288
10,31,2,0,1.0132e+05,288
10,31,1.5,0,1.0132e+05,288
10,31,1,0,1.0132e+05,288
10,31,0.5,0,1.0132e+05,288
#
10,32,3,0,1.0132e+05,288
10,32,2.5,0,1.0132e+05,288
10,32,2,0,1.0132e+05,288
10,32,1.5,0,1.0132e+05,288
10,32,1,0,1.0132e+05,288
10,32,0.5,0,1.0132e+05,288
#
10,33,3,0,1.0132e+05,288
10,33,2.5,0,1.0132e+05,288
10,33,2,0,1.0132e+05,288
10,33,1.5,0,1.0132e+05,288
10,33,1,0,1.0132e+05,288
10,33,0.5,0,1.0132e+05,288
#
10,34,3,0,1.0132e+05,288
10,34,2.5,0,1.0132e+05,288
10,34,2,0,1.0132e+05,288
10,34,1.5,0,1.0132e+05,288
10,34,1,0,1.0132e+05,288
10,34,0.5,0,1.0132e+05,288
#
10,35,3,0,1.0132e+05,288
10,35,2.5,0,1.0132e+05,288
10,35,2,0,1.0132e+05,288
10,35,1.5,0,1.0132e+05,288
10,35,1,0,1.0132e+05,288
10,35,0.5,0,1.0132e+05,288
#
10,36,3,0,1.0132e+05,288
10,36,2.5,0,1.0132e+05,288
10,36,2,0,1.0132e+05,288
10,36,1.5,0,1.0132e+05,288
10,36,1,0,1.0132e+05,288
10,36,0.5,0,1.0132e+05,288
#
10,37,3,0,1.0132e+05,288
10,37,2.5,0,1.0132e+05,288
10,37,2,0,1.0132e+05,288
10,37,1.5,0,1.0132e+05,288
10,37,1,0,1.0132e+05,288
10,37,0.5,0,1.0132e+05,288
#
10,38,3,0,1.0132e+05,288
10,38,2.5,0,1.0132e+05,288
10,38,2,0,1.0132e+05,288
10,38,1.5,0,1.0132e+05,288
10,38,1,0,1.0132e+05,288
10,38,0.5,0,1.0132e+05,288
#
10,39,3,0,1.0132e+05,288
10,39,2.5,0,1.0132e+05,288
10,39,2,0,1.0132e+05,288
10,39,1.5,0,1.0132e+05,288
10,39,1,0,1.0132e+05,288
10,39,0.5,0,1.0132e+05,288
#
10,40,3,0,1.0132e+05,288
10,40,2.5,0,1.0132e+05,288
10,40,2,0,1.0132e+05,288
10,40,1.5,0,1.0132e+05,288
10,40,1,0,1.0132e+05,288
10,40,0.5,0,1.0132e+05,288
#
10,41,3,0,1.0132e+05,288
10,41,2.5,0,1.0132e+05,288
10,41,2,0,1.0132e+05,288
10,41,1.5,0,1.0132e+05,288
10,41,1,0,1.0132e+05,288
10,41,0.5,0,1.0132e+05,288
#
10,42,3,0,1.0132e+05,288
10,42,2.5,0,1.0132e+05,288
10,42,2,0,1.0132e+05,288
10,42,1.5,0,1.0132e+05,288
10,42,1,0,1.0132e+05,288
10,42,0.5,0,1.0132e+05,288
#
10,43,3,0,1.0132e+05,288
10,43,2.5,0,1.0132e+05,288
10,43,2,0,1.0132e+05,288
10,43,1.5,0,1.0132e+05,288
10,43,1,0,1.0132e+05,288
10,43,0.5,0,1.0132e+05,288
#
10,44,3,0,1.0132e+05,288
10,44,2.5,0,1.0132e+05,288
10,44,2,0,1.0132e+05,288
10,44,1.5,0,1.0132e+05,288
10,44,1,0,1.0132e+05,288
10,44,0.5,0,1.0132e+05,288
#
10,45,3,0,1.0132e+05,288
10,45,2.5,0,1.0132e+05,288
10,45,2,0,1.0132e+05,288
10,45,1.5,0,1.0132e+05,288
10,45,1,0,1.0132e+05,288
10,45,0.5,0,1.0132e+05,288
#
10,46,3,0,1.0132e+05,288
10,46,2.5,0,1.0132e+05,288
10,46,2,0,1.0132e+05,288
10,46,1.5,0,1.0132e+05,288
10,46,1,0,1.0132e+05,288
10,46,0.5,0,1.0132e+05,288
#
10,47,3,0,1.0132e+05,288
10,47,2.5,0,1.0132e+05,288
10,47,2,0,1.0132e+05,288
10,47,1.5,0,1.0132e+05,288
10,47,1,0,1.0132e+05,288
10,47,0.5,0,1.0132e+05,288
#
10,48,3,0,1.0132e+05,288
10,48,2.5,0,1.0132e+05,288
10,48,2,0,1.0132e+05,288
10,48,1.5,0,1.0132e+05,288
10,48,1,0,1.0132e+05,288
10,48,0.5,0,1.0132e+05,288
#
10,49,3,0,1.0132e+05,288
10,49,2.5,0,1.0132e+05,288
10,49,2,0,1.0132e+05,288
10,49,1.5,0,1.0132e+05,288
10,49,1,0,1.0132e+05,288
10,49,0.5,0,1.0132e+05,288
#
10,50,3,0,1.0132e+05,288
10,50,2.5,0,1.0132e+05,288
10,50,2,0,1.0132e+05,288
10,50,1.5,0,1.0132e+05,288
10,50,1,0,1.0132e+05,288
10,50,0.5,0,1.0132e+05,288
#
10,51,3,0,1.0132e+05,288
10,51,2.5,0,1.0132e+05,288
10,51,2,0,1.0132e+05,288
10,51,1.5,0,1.0132e+05,288
10,51,1,0,1.0132e+05,288
10,51,0.5,0,1.0132e+05,288
#
10,52,3,0,1.0132e+05,288
10,52,2.5,0,1.0132e+05,288
10,52,2,0,1.0132e+05,288
10,52,1.5,0,1.0132e+05,288
10,52,1,0,1.0132e+05,288
10,52,0.5,0,1.0132e+05,288
#
10,53,3,0,1.0132e+05,288
10,53,2.5,0,1.0132e+05,288
10,53,2,0,1.0132e+05,288
10,53,1.5,0,1.0132e+05,288
10,53,1,0,1.0132e+05,288
10,53,0.5,0,1.0132e+05,288
#
10,54,3,0,1.0132e+05,288
10,54,2.5,0,1.0132e+05,288
10,54,2,0,1.0132e+05,288
10,54,1.5,0,1.0132e+05,288
10,54,1,0,1.0132e+05,288
10,54,0.5,0,1.0132e+05,288
#
10,55,3,0,1.0132e+05,288
10,55,2.5,0,1.0132e+05,288
10,55,2,0,1.0132e+05,288
10,55,1.5,0,1.0132e+05,288
10,55,1,0,1.0132e+05,288
10,55,0.5,0,1.0132e+05,288
#
10,56,3,0,1.0132e+05,288
10,56,2.5,0,1.0132e+05,288
10,56,2,0,1.0132e+05,288
10,56,1.5,0,1.0132e+05,288
10,56,1,0,1.0132e+05,288
10,56,0.5,0,1.0132e+05,288
#
10,57,3,0,1.0132e+05,288
10,57,2.5,0,1.0132e+05,288
10,57,2,0,1.0132e+05,288
10,57,1.5,0,1.0132e+05,288
10,57,1,0,1.0132e+05,288
10,57,0.5,0,1.0132e+05,288
#
10,58,3,0,1.0132e+05,288
10,58,2.5,0,1.0132e+05,288
10,58,2,0,1.0132e+05,288
10,58,1.5,0,1.0132e+05,288
10,58,1,0,1.0132e+05,288
10,58,0.5,0,1.0132e+05,288
#
10,59,3,0,1.0132e+05,288
10,59,2.5,0,1.0132e+05,288
10,59,2,0,1.0132e+05,288
10,59,1.5,0,1.0132e+05,288
10,59,1,0,1.0132e+05,288
10,59,0.5,0,1.0132e+05,288
#
10,60,3,0,1.0132e+05,288
10,60,2.5,0,1.0132e+05,288
10,60,2,0,1.0132e+05,288
10,60,1.5,0,1.0132e+05,288
10,60,1,0,1.0132e+05,288
10,60,0.5,0,1.0132e+05,288
#
10,61,3,0,1.0132e+05,288
10,61,2.5,0,1.0132e+05,288
10,61,2,0,1.0132e+05,288
10,61,1.5,0,1.0132e+05,288
10,61,1,0,1.0132e+05,288
10,61,0.5,0,1.0132e+05,288
#
10,62,3,0,1.0132e+05,288
10,62,2.5,0,1.0132e+05,288
10,62,2,0,1.0132e+05,288
10,62,1.5,0,1.0132e+05,288
10,62,1,0,1.0132e+05,288
10,62,0.5,0,1.0132e+05,288
#
10,63,3,0,1.0132e+05,288
10,63,2.5,0,1.0132e+05,288
10,63,2,0,1.0132e+05,288
10,63,1.5,0,1.0132e+05,288
10,63,1,0,1.0132e+05,288
10,63,0.5,0,1.0132e+05,288
#
10,64,3,0,1.0132e+05,288
10,64,2.5,0,1.0132e+05,288
10,64,2,0,1.0132e+05,288
10,64,1.5,0,1.0132e+05,288
10,64,1,0,1.0132e+05,288
10,64,0.5,0,1.0132e+05,288
#
10,65,3,0,1.0132e+05,288
10,65,2.5,0,1.0132e+05,288
10,65,2,0,1.0132e+05,288
10,65,1.5,0,1.0132e+05,288
10,65,1,0,1.0132e+05,288
10,65,0.5,0,1.0132e+05,288
#
10,66,3,0,1.0132e+05,288
10,66,2.5,0,1.0132e+05,288
10,66,2,0,1.0132e+05,288
10,66,1.5,0,1.0132e+05,288
10,66,1,0,1.0132e+05,288
10,66,0.5,0,1.0132e+05,288
#
10,67,3,0,1.0132e+05,288
10,67,2.5,0,1.0132e+05,288
10,67,2,0,1.0132e+05,288
10,67,1.5,0,1.0132e+05,288
10,67,1,0,1.0132e+05,288
10,67,0.5,0,1.0132e+05,288
#
10,68,3,0,1.0132e+05,288
10,68,2.5,0,1.0132e+05,288
10,68,2,0,1.0132e+05,288
10,68,1.5,0,1.0132e+05,288
10,68,1,0,1.0132e+05,288
10,68,0.5,0,1.0132e+05,288
#
10,69,3,0,1.0132e+05,288
10,69,2.5,0,1.0132e+05,288
10,69,2,0,1.0132e+05,288
10,69,1.5,0,1.0132e+05,288
10,69,1,0,1.0132e+05,288
10,69,0.5,0,1.0132e+05,288
#
10,70,3,0,1.0132e+05,288
10,70,2.5,0,1.0132e+05,288
10,70,2,0,1.0132e+05,288
10,70,1.5,0,1.0132e+05,288
10,70,1,0,1.0132e+05,288
10,70,0.5,0,1.0132e+05,288
#
10,71,3,0,1.0132e+05,288
10,71,2.5,0,1.0132e+05,288
10,71,2,0,1.0132e+05,288
10,71,1.5,0,1.0132e+05,288
10,71,1,0,1.0132e+05,288
10,71,0.5,0,1.0132e+05,288
#
10,72,3,0,1.0132e+05,288
10,72,2.5,0,1.0132e+05,288
10,72,2,0,1.0132e+05,288
10,72,1.5,0,1.0132e+05,288
10,72,1,0,1.0132e+05,288
10,72,0.5,0,1.0132e+05,288
#
10,73,3,0,1.0132e+05,288
10,73,2.5,0,1.0132e+05,288
10,73,2,0,1.0132e+05,288
10,73,1.5,0,1.0132e+05,288
10,73,1,0,1.0132e+05,288
10,73,0.5,0,1.0132e+05,288
#
10,74,3,0,1.0132e+05,288
10,74,2.5,0,1.0132e+05,288
10,74,2,0,1.0132e+05,288
10,74,1.5,0,1.0132e+05,288
10,74,1,0,1.0132e+05,288
10,74,0.5,0,1.0132e+05,288
#
10,75,3,0,1.0132e+05,288
10,75,2.5,0,1.0132e+05,288
10,75,2,0,1.0132e+05,288
10,75,1.5,0,1.0132e+05,288
10,75,1,0,1.0132e+05,288
10,75,0.5,0,1.0132e+05,288
#
10,76,3,0,1.0132e+05,288
10,76,2.5,0,1.0132e+05,288
10,76,2,0,1.0132e+05,288
10,76,1.5,0,1.0132e+05,288
10,76,1,0,1.0132e+05,288
10,76,0.5,0,1.0132e+05,288
#
10,77,3,0,1.0132e+05,288
10,77,2.5,0,1.0132e+05,288
10,77,2,0,1.0132e+05,288
10,77,1.5,0,1.0132e+05,288
10,77,1,0,1.0132e+05,288
10,77,0.5,0,1.0132e+05,288
#
10,78,3,0,1.0132e+05,288
10,78,2.5,0,1.0132e+05,288
10,78,2,0,1.0132e+05,288
10,78,1.5,0,1.0132e+05,288
10,78,1,0,1.0132e+05,288
10,78,0.5,0,1.0132e+05,288
#
10,79,3,0,1.0132e+05,288
10,79,2.5,0,1.0132e+05,288
10,79,2,0,1.0132e+05,288
10,79,1.5,0,1.0132e+05,288
10,79,1,0,1.0132e+05,288
10,79,0.5,0,1.0132e+05,288
#
10,80,3,0,1.0132e+05,288
10,80,2.5,0,1.0132e+05,288
10,80,2,0,1.0132e+05,288
10,80,1.5,0,1.0132e+05,288
10,80,1,0,1.0132e+05,288
10,80,0.5,0,1.0132e+05,288
#
10,81,3,0,1.0132e+05,288
10,81,2.5,0,1.0132e+05,288
10,81,2,0,1.0132e+05,288
10,81,1.5,0,1.0132e+05,288
10,81,1,0,1.0132e+05,288
10,81,0.5,0,1.0132e+05,288
#
10,82,3,0,1.0132e+05,288
10,82,2.5,0,1.0132e+05,288
10,82,2,0,1.0132e+05,288
10,82,1.5,0,1.0132e+05,288
10,82,1,0,1.0132e+05,288
10,82,0.5,0,1.0132e+05,288
#
10,83,3,0,1.0132e+05,288
10,83,2.5,0,1.0132e+05,288
10,83,2,0,1.0132e+05,288
10,83,1.5,0,1.0132e+05,288
10,83,1,0,1.0132e+05,288
10,83,0.5,0,1.0132e+05,288
#
10,84,3,0,1.0132e+05,288
10,84,2.5,0,1.0132e+05,288
10,84,2,0,1.0132e+05,288
10,84,1.5,0,1.0132e+05,288
10,84,1,0,1.0132e+05,288
10,84,0.5,0,1.0132e+05,288
#
10,85,3,0,1.0132e+05,288
10,85,2.5,0,1.0132e+05,288
10,85,2,0,1.0132e+05,288
10,85,1.5,0,1.0132e+05,288
10,85,1,0,1.0132e+05,288
10,85,0.5,0,1.0132e+05,288
#
10,86,3,0,1.0132e+05,288
10,86,2.5,0,1.0132e+05,288
10,86,2,0,1.0132e+05,288
10,86,1.5,0,1.0132e+05,288
10,86,1,0,1.0132e+05,288
10,86,0.5,0,1.0132e+05,288
#
10,87,3,0,1.0132e+05,288
10,87,2.5,0,1.0132e+05,288
10,87,2,0,1.0132e+05,288
10,87,1.5,0,1.0132e+05,288
10,87,1,0,1.0132e+05,288
10,87,0.5,0,1.0132e+05,288
#
10,88,3,0,1.0132e+05,288
10,88,2.5,0,1.0132e+05,288
10,88,2,0,1.0132e+05,288
10,88,1.5,0,1.0132e+05,288
10,88,1,0,1.0132e+05,288
10,88,0.5,0,1.0132e+05,288
#
10,89,3,0,1.0132e+05,288
10,89,2.5,0,1.0132e+05,288
10,89,2,0,1.0132e+05,288
10,89,1.5,0,1.0132e+05,288
10,89,1,0,1.0132e+05,288
10,89,0.5,0,1.0132e+05,288
#
10,90,3,0,1.0132e+05,288
10,90,2.5,0,1.0132e+05,288
10,90,2,0,1.0132e+05,288
10,90,1.5,0,1.0132e+05,288
10,90,1,0,1.0132e+05,288
10,90,0.5,0,1.0132e+05,288
#
10,91,3,0,1.0132e+05,288
10,91,2.5,0,1.0132e+05,288
10,91,2,0,1.0132e+05,288
10,91,1.5,0,1.0132e+05,288
10,91,1,0,1.0132e+05,288
10,91,0.5,0,1.0132e+05,288
#
10,92,3,0,1.0132e+05,288
10,92,2.5,0,1.0132e+05,288
10,92,2,0,1.0132e+05,288
10,92,1.5,0,1.0132e+05,288
10,92,1,0,1.0132e+05,288
10,92,0.5,0,1.0132e+05,288
#
10,93,3,0,1.0132e+05,288
10,93,2.5,0,1.0132e+05,288
10,93,2,0,1.0132e+05,288
10,93,1.5,0,1.0132e+05,288
10,93,1,0,1.0132e+05,288
10,93,0.5,0,1.0132e+05,288
#
10,94,3,0,1.0132e+05,288
10,94,2.5,0,1.0132e+05,288
10,94,2,0,1.0132e+05,288
10,94,1.5,0,1.0132e+05,288
10,94,1,0,1.0132e+05,288
10,94,0.5,0,1.0132e+05,288
#
10,95,3,0,1.0132e+05,288
10,95,2.5,0,1.0132e+05,288
10,95,2,0,1.0132e+05,288
10,95,1.5,0,1.0132e+05,288
10,95,1,0,1.0132e+05,288
10,95,0.5,0,1.0132e+05,288
#
10,96,3,0,1.0132e+05,288
10,96,2.5,0,1.0132e+05,288
10,96,2,0,1.0132e+05,288
10,96,1.5,0,1.0132e+05,288
10,96,1,0,1.0132e+05,288
10,96,0.5,0,1.0132e+05,288
#
10,97,3,0,1.0132e+05,288
10,97,2.5,0,1.0132e+05,288
10,97,2,0,1.0132e+05,288
10,97,1.5,0,1.0132e+05,288
10,97,1,0,1.0132e+05,288
10,97,0.5,0,1.0132e+05,288
#
10,98,3,0,1.0132e+05,288
10,98,2.5,0,1.0132e+05,288
10,98,2,0,1.0132e+05,288
10,98,1.5,0,1.0132e+05,288
10,98,1,0,1.0132e+05,288
10,98,0.5,0,1.0132e+05,288
#
10,99,3,0,1.0132e+05,288
10,99,2.5,0,1.0132e+05,288
10,99,2,0,1.0132e+05,288
10,99,1.5,0,1.0132e+05,288
10,99,1,0,1.0132e+05,288
10,99,0.5,0,1.0132e+05,288
#
10,100,3,0,1.0132e+05,288
10,100,2.5,0,1.0132e+05,288
10,100,2,0,1.0132e+05,288
10,100,1.5,0,1.0132e+05,288
10,100,1,0,1.0132e+05,288
10,100,0.5,0,1.0132e+05,288
#
10,101,3,0,1.0132e+05,288
10,101,2.5,0,1.0132e+05,288
10,101,2,0,1.0132e+05,288
10,101,1.5,0,1.0132e+05,288
10,101,1,0,1.0132e+05,288
10,101,0.5,0,1.0132e+05,288
#
10,102,3,0,1.0132e+05,288
10,102,2.5,0,1.0132e+05,288
10,102,2,0,1.0132e+05,288
10,102,1.5,0,1.0132e+05,288
10,102,1,0,1.0132e+05,288
10,102,0.5,0,1.0132e+05,288
#
10,103,3,0,1.0132e+05,288
10,103,2.5,0,1.0132e+05,288
10,103,2,0,1.0132e+05,288
10,103,1.5,0,1.0132e+05,288
10,103,1,0,1.0132e+05,288
10,103,0.5,0,1.0132e+05,288
#
10,104,3,0,1.0132e+05,288
10,104,2.5,0,1.0132e+05,288
10,104,2,0,1.0132e+05,288
10,104,1.5,0,1.0132e+05,288
10,104,1,0,1.0132e+05,288
10,104,0.5,0,1.0132e+05,288
#
10,105,3,0,1.0132e+05,288
10,105,2.5,0,1.0132e+05,288
10,105,2,0,1.0132e+05,288
10,105,1.5,0,1.0132e+05,288
10,105,1,0,1.0132e+05,288
10,105,0.5,0,1.0132e+05,288
#
10,106,3,0,1.0132e+05,288
10,106,2.5,0,1.0132e+05,288
10,106,2,0,1.0132e+05,288
10,106,1.5,0,1.0132e+05,288
10,106,1,0,1.0132e+05,288
10,106,0.5,0,1.0132e+05,288
#
10,107,3,0,1.0132e+05,288
10,107,2.5,0,1.0132e+05,288
10,107,2,0,1.0132e+05,288
10,107,1.5,0,1.0132e+05,288
10,107,1,0,1.0132e+05,288
10,107,0.5,0,1.0132e+05,288
#
10,108,3,0,1.0132e+05,288
10,108,2.5,0,1.0132e+05,288
10,108,2,0,1.0132e+05,288
10,108,1.5,0,1.0132e+05,288
10,108,1,0,1.0132e+05,288
10,108,0.5,0,1.0132e+05,288
#
10,109,3,0,1.0132e+05,288
10,109,2.5,0,1.0132e+05,288
10,109,2,0,1.0132e+05,288
10,109,1.5,0,1.0132e+05,288
10,109,1,0,1.0132e+05,288
10,109,0.5,0,1.0132e+05,288
#
10,110,3,0,1.0132e+05,288
10,110,2.5,0,1.0132e+05,288
10,110,2,0,1.0132e+05,288
10,110,1.5,0,1.0132e+05,288
10,110,1,0,1.0132e+05,288
10,110,0.5,0,1.0132e+05,288
#
10,111,3,0,1.0132e+05,288
10,111,2.5,0,1.0132e+05,288
10,111,2,0,1.0132e+05,288
10,111,1.5,0,1.0132e+05,288
10,111,1,0,1.0132e+05,288
10,111,0.5,0,1.0132e+05,288
#
10,112,3,0,1.0132e+05,288
10,112,2.5,0,1.0132e+05,288
10,112,2,0,1.0132e+05,288
10,112,1.5,0,1.0132e+05,288
10,112,1,0,1.0132e+05,288
10,112,0.5,0,1.0132e+05,288
#
10,113,3,0,1.0132e+05,288
10,113,2.5,0,1.0132e+05,288
10,113,2,0,1.0132e+05,288
10,113,1.5,0,1.0132e+05,288
10,113,1,0,1.0132e+05,288
10,113,0.5,0,1.0132e+05,288
#
10,114,3,0,1.0132e+05,288
10,114,2.5,0,1.0132e+05,288
10,114,2,0,1.0132e+05,288
10,114,1.5,0,1.0132e+05,288
10,114,1,0,1.0132e+05,288
10,114,0.5,0,1.0132e+05,288
#
10,115,3,0,1.0132e+05,288
10,115,2.5,0,1.0132e+05,288
10,115,2,0,1.0132e+05,288
10,115,1.5,0,1.0132e+05,288
10,115,1,0,1.0132e+05,288
10,115,0.5,0,1.0132e+05,288
#
10,116,3,0,1.0132e+05,288
10,116,2.5,0,1.0132e+05,288
10,116,2,0,1.0132e+05,288
10,116,1.5,0,1.0132e+05,288
10,116,1,0,1.0132e+05,288
10,116,0.5,0,1.0132e+05,288
#
10,117,3,0,1.0132e+05,288
10,117,2.5,0,1.0132e+05,288
10,117,2,0,1.0132e+05,288
10,117,1.5,0,1.0132e+05,288
10,117,1,0,1.0132e+05,288
10,117,0.5,0,1.0132e+05,288
#
10,118,3,0,1.0132e+05,288
10,118,2.5,0,1.0132e+05,288
10,118,2,0,1.0132e+05,288
10,118,1.5,0,1.0132e+05,288
10,118,1,0,1.0132e+05,288
10,118,0.5,0,1.0132e+05,288
#
10,119,3,0,1.0132e+05,288
10,119,2.5,0,1.0132e+05,288
10,119,2,0,1.0132e+05,288
10,119,1.5,0,1.0132e+05,288
10,119,1,0,1.0132e+05,288
10,119,0.5,0,1.0132e+05,288
#
10,120,3,0,1.0132e+05,288
10,120,2.5,0,1.0132e+05,288
10,120,2,0,1.0132e+05,288
10,120,1.5,0,1.0132e+05,288
10,120,1,0,1.0132e+05,288
10,120,0.5,0,1.0132e+05,288
#
10,121,3,0,1.0132e+05,288
10,121,2.5,0,1.0132e+05,288
10,121,2,0,1.0132e+05,288
10,121,1.5,0,1.0132e+05,288
10,121,1,0,1.0132e+05,288
10,121,0.5,0,1.0132e+05,288
#
10,122,3,0,1.0132e+05,288
10,122,2.5,0,1.0132e+05,288
10,122,2,0,1.0132e+05,288
10,122,1.5,0,1.0132e+05,288
10,122,1,0,1.0132e+05,288
10,122,0.5,0,1.0132e+05,288
#
10,123,3,0,1.0132e+05,288
10,123,2.5,0,1.0132e+05,288
10,123,2,0,1.0132e+05,288
10,123,1.5,0,1.0132e+05,288
10,123,1,0,1.0132e+05,288
10,123,0.5,0,1.0132e+05,288
#
10,124,3,0,1.0132e+05,288
10,124,2.5,0,1.0132e+05,288
10,124,2,0,1.0132e+05,288
10,124,1.5,0,1.0132e+05,288
10,124,1,0,1.0132e+05,288
10,124,0.5,0,1.0132e+05,288
#
10,125,3,0,1.0132e+05,288
10,125,2.5,0,1.0132e+05,288
10,125,2,0,1.0132e+05,288
10,125,1.5,0,1.0132e+05,288
10,125,1,0,1.0132e+05,288
10,125,0.5,0,1.0132e+05,288
#
10,126,3,0,1.0132e+05,288
10,126,2.5,0,1.0132e+05,288
10,126,2,0,1.0132e+05,288
10,126,1.5,0,1.0132e+05,288
10,126,1,0,1.0132e+05,288
10,126,0.5,0,1.0132e+05,288
#
10,127,3,0,1.0132e+05,288
10,127,2.5,0,1.0132e+05,288
10,127,2,0,1.0132e+05,288
10,127,1.5,0,1.0132e+05,288
10,127,1,0,1.0132e+05,288
10,127,0.5,0,1.0132e+05,288
#
10,128,3,0,1.0132e+05,288
10,128,2.5,0,1.0132e+05,288
10,128,2,0,1.0132e+05,288
10,128,1.5,0,1.0132e+05,288
10,128,1,0,1.0132e+05,288
10,128,0.5,0,1.0132e+05,288
#
10,129,3,0,1.0132e+05,288
10,129,2.5,0,1.0132e+05,288
10,129,2,0,1.0132e+05,288
10,129,1.5,0,1.0132e+05,288
10,129,1,0,1.0132e+05,288
10,129,0.5,0,1.0132e+05,288
#
10,130,3,0,1.0132e+05,288
10,130,2.5,0,1.0132e+05,288
10,130,2,0,1.0132e+05,288
10,130,1.5,0,1.0132e+05,288
10,130,1,0,1.0132e+05,288
10,130,0.5,0,1.0132e+05,288
#
10,131,3,0,1.0132e+05,288
10,131,2.5,0,1.0132e+05,288
10,131,2,0,1.0132e+05,288
10,131,1.5,0,1.0132e+05,288
10,131,1,0,1.0132e+05,288
10,131,0.5,0,1.0132e+05,288
#
10,132,3,0,1.0132e+05,288
10,132,2.5,0,1.0132e+05,288
10,132,2,0,1.0132e+05,288
10,132,1.5,0,1.0132e+05,288
10,132,1,0,1.0132e+05,288
10,132,0.5,0,1.0132e+05,288
#
10,133,3,0,1.0132e+05,288
10,133,2.5,0,1.0132e+05,288
10,133,2,0,1.0132e+05,288
10,133,1.5,0,1.0132e+05,288
10,133,1,0,1.0132e+05,288
10,133,0.5,0,1.0132e+05,288
#
10,134,3,0,1.0132e+05,288
10,134,2.5,0,1.0132e+05,288
10,134,2,0,1.0132e+05,288
10,134,1.5,0,1.0132e+05,288
10,134,1,0,1.0132e+05,288
10,134,0.5,0,1.0132e+05,288
#
10,135,3,0,1.0132e+05,288
10,135,2.5,0,1.0132e+05,288
10,135,2,0,1.0132e+05,288
10,135,1.5,0,1.0132e+05,288
10,135,1,0,1.0132e+05,288
10,135,0.5,0,1.0132e+05,288
#
10,136,3,0,1.0132e+05,288
10,136,2.5,0,1.0132e+05,288
10,136,2,0,1.0132e+05,288
10,136,1.5,0,1.0132e+05,288
10,136,1,0,1.0132e+05,288
10,136,0.5,0,1.0132e+05,288
#
10,137,3,0,1.0132e+05,288
10,137,2.5,0,1.0132e+05,288
10,137,2,0,1.0132e+05,288
10,137,1.5,0,1.0132e+05,288
10,137,1,0,1.0132e+05,288
10,137,0.5,0,1.0132e+05,288
#
10,138,3,0,1.0132e+05,288
10,138,2.5,0,1.0132e+05,288
10,138,2,0,1.0132e+05,288
10,138,1.5,0,1.0132e+05,288
10,138,1,0,1.0132e+05,288
10,138,0.5,0,1.0132e+05,288
#
10,139,3,0,1.0132e+05,288
10,139,2.5,0,1.0132e+05,288
10,139,2,0,1.0132e+05,288
10,139,1.5,0,1.0132e+05,288
10,139,1,0,1.0132e+05,288
10,139,0.5,0,1.0132e+05,288
#
10,140,3,0,1.0132e+05,288
10,140,2.5,0,1.0132e+05,288
10,140,2,0,1.0132e+05,288
10,140,1.5,0,1.0132e+05,288
10,140,1,0,1.0132e+05,288
10,140,0.5,0,1.0132e+05,288
#
10,141,3,0,1.0132e+05,288
10,141,2.5,0,1.0132e+05,288
10,141,2,0,1.0132e+05,288
10,141,1.5,0,1.0132e+05,288
10,141,1,0,1.0132e+05,288
10,141,0.5,0,1.0132e+05,288
#
10,142,3,0,1.0132e+05,288
10,142,2.5,0,1.0132e+05,288
10,142,2,0,1.0132e+05,288
10,142,1.5,0,1.0132e+05,288
10,142,1,0,1.0132e+05,288
10,142,0.5,0,1.0132e+05,288
#
10,143,3,0,1.0132e+05,288
10,143,2.5,0,1.0132e+05,288
10,143,2,0,1.0132e+05,288
10,143,1.5,0,1.0132e+05,288
10,143,1,0,1.0132e+05,288
10,143,0.5,0,1.0132e+05,288
#
10,144,3,0,1.0132e+05,288
10,144,2.5,0,1.0132e+05,288
10,144,2,0,1.0132e+05,288
10,144,1.5,0,1.0132e+05,288
10,144,1,0,1.0132e+05,288
10,144,0.5,0,1.0132e+05,288
#
10,145,3,0,1.0132e+05,288
10,145,2.5,0,1.0132e+05,288
10,145,2,0,1.0132e+05,288
10,145,1.5,0,1.0132e+05,288
10,145,1,0,1.0132e+05,288
10,145,0.5,0,1.0132e+05,288
#
10,146,3,0,1.0132e+05,288
10,146,2.5,0,1.0132e+05,288
10,146,2,0,1.0132e+05,288
10,146,1.5,0,1.0132e+05,288
10,146,1,0,1.0132e+05,288
10,146,0.5,0,1.0132e+05,288
#
10,147,3,0,1.0132e+05,288
10,147,2.5,0,1.0132e+05,288
10,147,2,0,1.0132e+05,288
10,147,1.5,0,1.0132e+05,288
10,147,1,0,1.0132e+05,288
10,147,0.5,0,1.0132e+05,288
#
10,148,3,0,1.0132e+05,288
10,148,2.5,0,1.0132e+05,288
10,148,2,0,1.0132e+05,288
10,148,1.5,0,1.0132e+05,288
10,148,1,0,1.0132e+05,288
10,148,0.5,0,1.0132e+05,288
#
10,149,3,0,1.0132e+05,288
10,149,2.5,0,1.0132e+05,288
10,149,2,0,1.0132e+05,288
10,149,1.5,0,1.0132e+05,288
10,149,1,0,1.0132e+05,288
10,149,0.5,0,1.0132e+05,288
#
10,150,3,0,1.0132e+05,288
10,150,2.5,0,1.0132e+05,288
10,150,2,0,1.0132e+05,288
10,150,1.5,0,1.0132e+05,288
10,150,1,0,1.0132e+05,288
10,150,0.5,0,1.0132e+05,288
#
10,151,3,0,1.0132e+05,288
10,151,2.5,0,1.0132e+05,288
10,151,2,0,1.0132e+05,288
10,151,1.5,0,1.0132e+05,288
10,151,1,0,1.0132e+05,288
10,151,0.5,0,1.0132e+05,288
#
10,152,3,0,1.0132e+05,288
10,152,2.5,0,1.0132e+05,288
10,152,2,0,1.0132e+05,288
10,152,1.5,0,1.0132e+05,288
10,152,1,0,1.0132e+05,288
10,152,0.5,0,1.0132e+05,288
#
10,153,3,0,1.0132e+05,288
10,153,2.5,0,1.0132e+05,288
10,153,2,0,1.0132e+05,288
10,153,1.5,0,1.0132e+05,288
10,153,1,0,1.0132e+05,288
10,153,0.5,0,1.0132e+05,288
#
10,154,3,0,1.0132e+05,288
10,154,2.5,0,1.0132e+05,288
10,154,2,0,1.0132e+05,288
10,154,1.5,0,1.0132e+05,288
10,154,1,0,1.0132e+05,288
10,154,0.5,0,1.0132e+05,288
#
10,155,3,0,1.0132e+05,288
10,155,2.5,0,1.0132e+05,288
10,155,2,0,1.0132e+05,288
10,155,1.5,0,1.0132e+05,288
10,155,1,0,1.0132e+05,288
10,155,0.5,0,1.0132e+05,288
#
10,156,3,0,1.0132e+05,288
10,156,2.5,0,1.0132e+05,288
10,156,2,0,1.0132e+05,288
10,156,1.5,0,1.0132e+05,288
10,156,1,0,1.0132e+05,288
10,156,0.5,0,1.0132e+05,288
#
10,157,3,0,1.0132e+05,288
10,157,2.5,0,1.0132e+05,288
10,157,2,0,1.0132e+05,288
10,157,1.5,0,1.0132e+05,288
10,157,1,0,1.0132e+05,288
10,157,0.5,0,1.0132e+05,288
#
10,158,3,0,1.0132e+05,288
10,158,2.5,0,1.0132e+05,288
10,158,2,0,1.0132e+05,288
10,158,1.5,0,1.0132e+05,288
10,158,1,0,1.0132e+05,288
10,158,0.5,0,1.0132e+05,288
#
10,159,3,0,1.0132e+05,288
10,159,2.5,0,1.0132e+05,288
10,159,2,0,1.0132e+05,288
10,159,1.5,0,1.0132e+05,288
10,159,1,0,1.0132e+05,288
10,159,0.5,0,1.0132e+05,288
#
10,160,3,0,1.0132e+05,288
10,160,2.5,0,1.0132e+05,288
10,160,2,0,1.0132e+05,288
10,160,1.5,0,1.0132e+05,288
10,160,1,0,1.0132e+05,288
10,160,0.5,0,1.0132e+05,288
#
10,161,3,0,1.0132e+05,288
10,161,2.5,0,1.0132e+05,288
10,161,2,0,1.0132e+05,288
10,161,1.5,0,1.0132e+05,288
10,161,1,0,1.0132e+05,288
10,161,0.5,0,1.0132e+05,288
#
10,162,3,0,1.0132e+05,288
10,162,2.5,0,1.0132e+05,288
10,162,2,0,1.0132e+05,288
10,162,1.5,0,1.0132e+05,288
10,162,1,0,1.0132e+05,288
10,162,0.5,0,1.0132e+05,288
#
10,163,3,0,1.0132e+05,288
10,163,2.5,0,1.0132e+05,288
10,163,2,0,1.0132e+05,288
10,163,1.5,0,1.0132e+05,288
10,163,1,0,1.0132e+05,288
10,163,0.5,0,1.0132e+05,288
#
10,164,3,0,1.0132e+05,288
10,164,2.5,0,1.0132e+05,288
10,164,2,0,1.0132e+05,288
10,164,1.5,0,1.0132e+05,288
10,164,1,0,1.0132e+05,288
10,164,0.5,0,1.0132e+05,288
#
10,165,3,0,1.0132e+05,288
10,165,2.5,0,1.0132e+05,288
10,165,2,0,1.0132e+05,288
10,165,1.5,0,1.0132e+05,288
10,165,1,0,1.0132e+05,288
10,165,0.5,0,1.0132e+05,288
#
10,166,3,0,1.0132e+05,288
10,166,2.5,0,1.0132e+05,288
10,166,2,0,1.0132e+05,288
10,166,1.5,0,1.0132e+05,288
10,166,1,0,1.0132e+05,288
10,166,0.5,0,1.0132e+05,288
#
10,167,3,0,1.0132e+05,288
10,167,2.5,0,1.0132e+05,288
10,167,2,0,1.0132e+05,288
10,167,1.5,0,1.0132e+05,288
10,167,1,0,1.0132e+05,288
10,167,0.5,0,1.0132e+05,288
#
10,168,3,0,1.0132e+05,288
10,168,2.5,0,1.0132e+05,288
10,168,2,0,1.0132e+05,288
10,168,1.5,0,1.0132e+05,288
10,168,1,0,1.0132e+05,288
10,168,0.5,0,1.0132e+05,288
#
10,169,3,0,1.0132e+05,288
10,169,2.5,0,1.0132e+05,288
10,169,2,0,1.0132e+05,288
10,169,1.5,0,1.0132e+05,288
10,169,1,0,1.0132e+05,288
10,169,0.5,0,1.0132e+05,288
#
10,170,3,0,1.0132e+05,288
10,170,2.5,0,1.0132e+05,288
10,170,2,0,1.0132e+05,288
10,170,1.5,0,1.0132e+05,288
10,170,1,0,1.0132e+05,288
10,170,0.5,0,1.0132e+05,288
#
10,171,3,0,1.0132e+05,288
10,171,2.5,0,1.0132e+05,288
10,171,2,0,1.0132e+05,288
10,171,1.5,0,1.0132e+05,288
10,171,1,0,1.0132e+05,288
10,171,0.5,0,1.0132e+05,288
#
10,172,3,0,1.0132e+05,288
10,172,2.5,0,1.0132e+05,288
10,172,2,0,1.0132e+05,288
10,172,1.5,0,1.0132e+05,288
10,172,1,0,1.0132e+05,288
10,172,0.5,0,1.0132e+05,288
#
10,173,3,0,1.0132e+05,288
10,173,2.5,0,1.0132e+05,288
10,173,2,0,1.0132e+05,288
10,173,1.5,0,1.0132e+05,288
10,173,1,0,1.0132e+05,288
10,173,0.5,0,1.0132e+05,288
#
10,174,3,0,1.0132e+05,288
10,174,2.5,0,1.0132e+05,288
10,174,2,0,1.0132e+05,288
10,174,1.5,0,1.0132e+05,288
10,174,1,0,1.0132e+05,288
10,174,0.5,0,1.0132e+05,288
#
10,175,3,0,1.0132e+05,288
10,175,2.5,0,1.0132e+05,288
10,175,2,0,1.0132e+05,288
10,175,1.5,0,1.0132e+05,288
10,175,1,0,1.0132e+05,288
10,175,0.5,0,1.0132e+05,288
#
10,176,3,0,1.0132e+05,288
10,176,2.5,0,1.0132e+05,288
10,176,2,0,1.0132e+05,288
10,176,1.5,0,1.0132e+05,288
10,176,1,0,1.0132e+05,288
10,176,0.5,0,1.0132e+05,288
#
10,177,3,0,1.0132e+05,288
10,177,2.5,0,1.0132e+05,288
10,177,2,0,1.0132e+05,288
10,177,1.5,0,1.0132e+05,288
10,177,1,0,1.0132e+05,288
10,177,0.5,0,1.0132e+05,288
#
10,178,3,0,1.0132e+05,288
10,178,2.5,0,1.0132e+05,288
10,178,2,0,1.0132e+05,288
10,178,1.5,0,1.0132e+05,288
10,178,1,0,1.0132e+05,288
10,178,0.5,0,1.0132e+05,288
#
10,179,3,0,1.0132e+05,288
10,179,2.5,0,1.0132e+05,288
10,179,2,0,1.0132e+05,288
10,179,1.5,0,1.0132e+05,288
10,179,1,0,1.0132e+05,288
10,179,0.5,0,1.0132e+05,288
#
10,180,3,0,1.0132e+05,288
10,180,2.5,0,1.0132e+05,288
10,180,2,0,1.0132e+05,288
10,180,1.5,0,1.0132e+05,288
10,180,1,0,1.0132e+05,288
10,180,0.5,0,1.0132e+05,288
#
10,181,3,0,1.0132e+05,288
10,181,2.5,0,1.0132e+05,288
10,181,2,0,1.0132e+05,288
10,181,1.5,0,1.0132e+05,288
10,181,1,0,1.0132e+05,288
10,181,0.5,0,1.0132e+05,288
#
10,182,3,0,1.0132e+05,288
10,182,2.5,0,1.0132e+05,288
10,182,2,0,1.0132e+05,288
10,182,1.5,0,1.0132e+05,288
10,182,1,0,1.0132e+05,288
10,182,0.5,0,1.0132e+05,288
#
10,183,3,0,1.0132e+05,288
10,183,2.5,0,1.0132e+05,288
10,183,2,0,1.0132e+05,288
10,183,1.5,0,1.0132e+05,288
10,183,1,0,1.0132e+05,288
10,183,0.5,0,1.0132e+05,288
#
10,184,3,0,1.0132e+05,288
10,184,2.5,0,1.0132e+05,288
10,184,2,0,1.0132e+05,288
10,184,1.5,0,1.0132e+05,288
10,184,1,0,1.0132e+05,288
10,184,0.5,0,1.0132e+05,288
#
10,185,3,0,1.0132e+05,288
10,185,2.5,0,1.0132e+05,288
10,185,2,0,1.0132e+05,288
10,185,1.5,0,1.0132e+05,288
10,185,1,0,1.0132e+05,288
10,185,0.5,0,1.0132e+05,288
#
10,186,3,0,1.0132e+05,288
10,186,2.5,0,1.0132e+05,288
10,186,2,0,1.0132e+05,288
10,186,1.5,0,1.0132e+05,288
10,186,1,0,1.0132e+05,288
10,186,0.5,0,1.0132e+05,288
#
10,187,3,0,1.0132e+05,288
10,187,2.5,0,1.0132e+05,288
10,187,2,0,1.0132e+05,288
10,187,1.5,0,1.0132e+05,288
10,187,1,0,1.0132e+05,288
10,187,0.5,0,1.0132e+05,288
#
10,188,3,0,1.0132e+05,288
10,188,2.5,0,1.0132e+05,288
10,188,2,0,1.0132e+05,288
10,188,1.5,0,1.0132e+05,288
10,188,1,0,1.0132e+05,288
10,188,0.5,0,1.0132e+05,288
#
10,189,3,0,1.0132e+05,288
10,189,2.5,0,1.0132e+05,288
10,189,2,0,1.0132e+05,288
10,189,1.5,0,1.0132e+05,288
10,189,1,0,1.0132e+05,288
10,189,0.5,0,1.0132e+05,288
#
10,190,3,0,1.0132e+05,288
10,190,2.5,0,1.0132e+05,288
10,190,2,0,1.0132e+05,288
10,190,1.5,0,1.0132e+05,288
10,190,1,0,1.0132e+05,288
10,190,0.5,0,1.0132e+05,288
#
10,191,3,0,1.0132e+05,288
10,191,2.5,0,1.0132e+05,288
10,191,2,0,1.0132e+05,288
10,191,1.5,0,1.0132e+05,288
10,191,1,0,1.0132e+05,288
10,191,0.5,0,1.0132e+05,288
#
10,192,3,0,1.0132e+05,288
10,192,2.5,0,1.0132e+05,288
10,192,2,0,1.0132e+05,288
10,192,1.5,0,1.0132e+05,288
10,192,1,0,1.0132e+05,288
10,192,0.5,0,1.0132e+05,288
#
10,193,3,0,1.0132e+05,288
10,193,2.5,0,1.0132e+05,288
10,193,2,0,1.0132e+05,288
10,193,1.5,0,1.0132e+05,288
10,193,1,0,1.0132e+05,288
10,193,0.5,0,1.0132e+05,288
#
10,194,3,0,1.0132e+05,288
10,194,2.5,0,1.0132e+05,288
10,194,2,0,1.0132e+05,288
10,194,1.5,0,1.0132e+05,288
10,194,1,0,1.0132e+05,288
10,194,0.5,0,1.0132e+05,288
#
10,195,3,0,1.0132e+05,288
10,195,2.5,0,1.0132e+05,288
10,195,2,0,1.0132e+05,288
10,195,1.5,0,1.0132e+05,288
10,195,1,0,1.0132e+05,288
10,195,0.5,0,1.0132e+05,288
#
10,196,3,0,1.0132e+05,288
10,196,2.5,0,1.0132e+05,288
10,196,2,0,1.0132e+05,288
10,196,1.5,0,1.0132e+05,288
10,196,1,0,1.0132e+05,288
10,196,0.5,0,1.0132e+05,288
#
10,197,3,0,1.0132e+05,288
10,197,2.5,0,1.0132e+05,288
10,197,2,0,1.0132e+05,288
10,197,1.5,0,1.0132e+05,288
10,197,1,0,1.0132e+05,288
10,197,0.5,0,1.0132e+05,288
#
10,198,3,0,1.0132e+05,288
10,198,2.5,0,1.0132e+05,288
10,198,2,0,1.0132e+05,288
10,198,1.5,0,1.0132e+05,288
10,198,1,0,1.0132e+05,288
10,198,0.5,0,1.0132e+05,288
#
10,199,3,0,1.0132e+05,288
10,199,2.5,0,1.0132e+05,288
10,199,2,0,1.0132e+05,288
10,199,1.5,0,1.0132e+05,288
10,199,1,0,1.0132e+05,288
10,199,0.5,0,1.0132e+05,288
#
10,200,3,0,1.0132e+05,288
10,200,2.5,0,1.0132e+05,288
10,200,2,0,1.0132e+05,288
10,200,1.5,0,1.0132e+05,288
10,200,1,0,1.0132e+05,288
10,200,0.5,0,1.0132e+05,288
#
10,201,3,0,1.0132e+05,288
10,201,2.5,0,1.0132e+05,288
10,201,2,0,1.0132e+05,288
10,201,1.5,0,1.0132e+05,288
10,201,1,0,1.0132e+05,288
10,201,0.5,0,1.0132e+05,288
#
10,202,3,0,1.0132e+05,288
10,202,2.5,0,1.0132e+05,288
10,202,2,0,1.0132e+05,288
10,202,1.5,0,1.0132e+05,288
10,202,1,0,1.0132e+05,288
10,202,0.5,0,1.0132e+05,288
#
10,203,3,0,1.0132e+05,288
10,203,2.5,0,1.0132e+05,288
10,203,2,0,1.0132e+05,288
10,203,1.5,0,1.0132e+05,288
10,203,1,0,1.0132e+05,288
10,203,0.5,0,1.0132e+05,288
#
10,204,3,0,1.0132e+05,288
10,204,2.5,0,1.0132e+05,288
10,204,2,0,1.0132e+05,288
10,204,1.5,0,1.0132e+05,288
10,204,1,0,1.0132e+05,288
10,204,0.5,0,1.0132e+05,288
#
10,205,3,0,1.0132e+05,288
10,205,2.5,0,1.0132e+05,288
10,205,2,0,1.0132e+05,288
10,205,1.5,0,1.0132e+05,288
10,205,1,0,1.0132e+05,288
10,205,0.5,0,1.0132e+05,288
#
10,206,3,0,1.0132e+05,288
10,206,2.5,0,1.0132e+05,288
10,206,2,0,1.0132e+05,288
10,206,1.5,0,1.0132e+05,288
10,206,1,0,1.0132e+05,288
10,206,0.5,0,1.0132e+05,288
#
10,207,3,0,1.0132e+05,288
10,207,2.5,0,1.0132e+05,288
10,207,2,0,1.0132e+05,288
10,207,1.5,0,1.0132e+05,288
10,207,1,0,1.0132e+05,288
10,207,0.5,0,1.0132e+05,288
#
10,208,3,0,1.0132e+05,288
10,208,2.5,0,1.0132e+05,288
10,208,2,0,1.0132e+05,288
10,208,1.5,0,1.0132e+05,288
10,208,1,0,1.0132e+05,288
10,208,0.5,0,1.0132e+05,288
#
10,209,3,0,1.0132e+05,288
10,209,2.5,0,1.0132e+05,288
10,209,2,0,1.0132e+05,288
10,209,1.5,0,1.0132e+05,288
10,209,1,0,1.0132e+05,288
10,209,0.5,0,1.0132e+05,288
#
10,210,3,0,1.0132e+05,288
10,210,2.5,0,1.0132e+05,288
10,210,2,0,1.0132e+05,288
10,210,1.5,0,1.0132e+05,288
10,210,1,0,1.0132e+05,288
10,210,0.5,0,1.0132e+05,288
#
10,211,3,0,1.0132e+05,288
10,211,2.5,0,1.0132e+05,288
10,211,2,0,1.0132e+05,288
10,211,1.5,0,1.0132e+05,288
10,211,1,0,1.0132e+05,288
10,211,0.5,0,1.0132e+05,288
#
10,212,3,0,1.0132e+05,288
10,212,2.5,0,1.0132e+05,288
10,212,2,0,1.0132e+05,288
10,212,1.5,0,1.0132e+05,288
10,212,1,0,1.0132e+05,288
10,212,0.5,0,1.0132e+05,288
#
10,213,3,0,1.0132e+05,288
10,213,2.5,0,1.0132e+05,288
10,213,2,0,1.0132e+05,288
10,213,1.5,0,1.0132e+05,288
10,213,1,0,1.0132e+05,288
10,213,0.5,0,1.0132e+05,288
#
10,214,3,0,1.0132e+05,288
10,214,2.5,0,1.0132e+05,288
10,214,2,0,1.0132e+05,288
10,214,1.5,0,1.0132e+05,288
10,214,1,0,1.0132e+05,288
10,214,0.5,0,1.0132e+05,288
#
10,215,3,0,1.0132e+05,288
10,215,2.5,0,1.0132e+05,288
10,215,2,0,1.0132e+05,288
10,215,1.5,0,1.0132e+05,288
10,215,1,0,1.0132e+05,288
10,215,0.5,0,1.0132e+05,288
#
10,216,3,0,1.0132e+05,288
10,216,2.5,0,1.0132e+05,288
10,216,2,0,1.0132e+05,288
10,216,1.5,0,1.0132e+05,288
10,216,1,0,1.0132e+05,288
10,216,0.5,0,1.0132e+05,288
#
10,217,3,0,1.0132e+05,288
10,217,2.5,0,1.0132e+05,288
10,217,2,0,1.0132e+05,288
10,217,1.5,0,1.0132e+05,288
10,217,1,0,1.0132e+05,288
10,217,0.5,0,1.0132e+05,288
#
10,218,3,0,1.0132e+05,288
10,218,2.5,0,1.0132e+05,288
10,218,2,0,1.0132e+05,288
10,218,1.5,0,1.0132e+05,288
10,218,1,0,1.0132e+05,288
10,218,0.5,0,1.0132e+05,288
#
10,219,3,0,1.0132e+05,288
10,219,2.5,0,1.0132e+05,288
10,219,2,0,1.0132e+05,288
10,219,1.5,0,1.0132e+05,288
10,219,1,0,1.0132e+05,288
10,219,0.5,0,1.0132e+05,288
#
10,220,3,0,1.0132e+05,288
10,220,2.5,0,1.0132e+05,288
10,220,2,0,1.0132e+05,288
10,220,1.5,0,1.0132e+05,288
10,220,1,0,1.0132e+05,288
10,220,0.5,0,1.0132e+05,288
#
10,221,3,0,1.0132e+05,288
10,221,2.5,0,1.0132e+05,288
10,221,2,0,1.0132e+05,288
10,221,1.5,0,1.0132e+05,288
10,221,1,0,1.0132e+05,288
10,221,0.5,0,1.0132e+05,288
#
10,222,3,0,1.0132e+05,288
10,222,2.5,0,1.0132e+05,288
10,222,2,0,1.0132e+05,288
10,222,1.5,0,1.0132e+05,288
10,222,1,0,1.0132e+05,288
10,222,0.5,0,1.0132e+05,288
#
10,223,3,0,1.0132e+05,288
10,223,2.5,0,1.0132e+05,288
10,223,2,0,1.0132e+05,288
10,223,1.5,0,1.0132e+05,288
10,223,1,0,1.0132e+05,288
10,223,0.5,0,1.0132e+05,288
#
10,224,3,0,1.0132e+05,288
10,224,2.5,0,1.0132e+05,288
10,224,2,0,1.0132e+05,288
10,224,1.5,0,1.0132e+05,288
10,224,1,0,1.0132e+05,288
10,224,0.5,0,1.0132e+05,288
#
10,225,3,0,1.0132e+05,288
10,225,2.5,0,1.0132e+05,288
10,225,2,0,1.0132e+05,288
10,225,1.5,0,1.0132e+05,288
10,225,1,0,1.0132e+05,288
10,225,0.5,0,1.0132e+05,288
#
10,226,3,0,1.0132e+05,288
10,226,2.5,0,1.0132e+05,288
10,226,2,0,1.0132e+05,288
10,226,1.5,0,1.0132e+05,288
10,226,1,0,1.0132e+05,288
10,226,0.5,0,1.0132e+05,288
#
10,227,3,0,1.0132e+05,288
10,227,2.5,0,1.0132e+05,288
10,227,2,0,1.0132e+05,288
10,227,1.5,0,1.0132e+05,288
10,227,1,0,1.0132e+05,288
10,227,0.5,0,1.0132e+05,288
#
10,228,3,0,1.0132e+05,288
10,228,2.5,0,1.0132e+05,288
10,228,2,0,1.0132e+05,288
10,228,1.5,0,1.0132e+05,288
10,228,1,0,1.0132e+05,288
10,228,0.5,0,1.0132e+05,288
#
10,229,3,0,1.0132e+05,288
10,229,2.5,0,1.0132e+05,288
10,229,2,0,1.0132e+05,288
10,229,1.5,0,1.0132e+05,288
10,229,1,0,1.0132e+05,288
10,229,0.5,0,1.0132e+05,288
#
10,230,3,0,1.0132e+05,288
10,230,2.5,0,1.0132e+05,288
10,230,2,0,1.0132e+05,288
10,230,1.5,0,1.0132e+05,288
10,230,1,0,1.0132e+05,288
10,230,0.5,0,1.0132e+05,288
#
10,231,3,0,1.0132e+05,288
10,231,2.5,0,1.0132e+05,288
10,231,2,0,1.0132e+05,288
10,231,1.5,0,1.0132e+05,288
10,231,1,0,1.0132e+05,288
10,231,0.5,0,1.0132e+05,288
#
10,232,3,0,1.0132e+05,288
10,232,2.5,0,1.0132e+05,288
10,232,2,0,1.0132e+05,288
10,232,1.5,0,1.0132e+05,288
10,232,1,0,1.0132e+05,288
10,232,0.5,0,1.0132e+05,288
#
10,233,3,0,1.0132e+05,288
10,233,2.5,0,1.0132e+05,288
10,233,2,0,1.0132e+05,288
10,233,1.5,0,1.0132e+05,288
10,233,1,0,1.0132e+05,288
10,233,0.5,0,1.0132e+05,288
#
10,234,3,0,1.0132e+05,288
10,234,2.5,0,1.0132e+05,288
10,234,2,0,1.0132e+05,288
10,234,1.5,0,1.0132e+05,288
10,234,1,0,1.0132e+05,288
10,234,0.5,0,1.0132e+05,288
#
10,235,3,0,1.0132e+05,288
10,235,2.5,0,1.0132e+05,288
10,235,2,0,1.0132e+05,288
10,235,1.5,0,1.0132e+05,288
10,235,1,0,1.0132e+05,288
10,235,0.5,0,1.0132e+05,288
#
10,236,3,0,1.0132e+05,288
10,236,2.5,0,1.0132e+05,288
10,236,2,0,1.0132e+05,288
10,236,1.5,0,1.0132e+05,288
10,236,1,0,1.0132e+05,288
10,236,0.5,0,1.0132e+05,288
#
10,237,3,0,1.0132e+05,288
10,237,2.5,0,1.0132e+05,288
10,237,2,0,1.0132e+05,288
10,237,1.5,0,1.0132e+05,288
10,237,1,0,1.0132e+05,288
10,237,0.5,0,1.0132e+05,288
#
10,238,3,0,1.0132e+05,288
10,238,2.5,0,1.0132e+05,288
10,238,2,0,1.0132e+05,288
10,238,1.5,0,1.0132e+05,288
10,238,1,0,1.0132e+05,288
10,238,0.5,0,1.0132e+05,288
#
10,239,3,0,1.0132e+05,288
10,239,2.5,0,1.0132e+05,288
10,239,2,0,1.0132e+05,288
10,239,1.5,0,1.0132e+05,288
10,239,1,0,1.0132e+05,288
10,239,0.5,0,1.0132e+05,288
#
10,240,3,0,1.0132e+05,288
10,240,2.5,0,1.0132e+05,288
10,240,2,0,1.0132e+05,288
10,240,1.5,0,1.0132e+05,288
10,240,1,0,1.0132e+05,288
10,240,0.5,0,1.0132e+05,288
#
10,241,3,0,1.0132e+05,288
10,241,2.5,0,1.0132e+05,288
10,241,2,0,1.0132e+05,288
10,241,1.5,0,1.0132e+05,288
10,241,1,0,1.0132e+05,288
10,241,0.5,0,1.0132e+05,288
#
10,242,3,0,1.0132e+05,288
10,242,2.5,0,1.0132e+05,288
10,242,2,0,1.0132e+05,288
10,242,1.5,0,1.0132e+05,288
10,242,1,0,1.0132e+05,288
10,242,0.5,0,1.0132e+05,288
#
10,243,3,0,1.0132e+05,288
10,243,2.5,0,1.0132e+05,288
10,243,2,0,1.0132e+05,288
10,243,1.5,0,1.0132e+05,288
10,243,1,0,1.0132e+05,288
10,243,0.5,0,1.0132e+05,288
#
10,244,3,0,1.0132e+05,288
10,244,2.5,0,1.0132e+05,288
10,244,2,0,1.0132e+05,288
10,244,1.5,0,1.0132e+05,288
10,244,1,0,1.0132e+05,288
10,244,0.5,0,1.0132e+05,288
#
10,245,3,0,1.0132e+05,288
10,245,2.5,0,1.0132e+05,288
10,245,2,0,1.0132e+05,288
10,245,1.5,0,1.0132e+05,288
10,245,1,0,1.0132e+05,288
10,245,0.5,0,1.0132e+05,288
#
10,246,3,0,1.0132e+05,288
10,246,2.5,0,1.0132e+05,288
10,246,2,0,1.0132e+05,288
10,246,1.5,0,1.0132e+05,288
10,246,1,0,1.0132e+05,288
10,246,0.5,0,1.0132e+05,288
#
10,247,3,0,1.0132e+05,288
10,247,2.5,0,1.0132e+05,288
10,247,2,0,1.0132e+05,288
10,247,1.5,0,1.0132e+05,288
10,247,1,0,1.0132e+05,288
10,247,0.5,0,1.0132e+05,288
#
10,248,3,0,1.0132e+05,288
10,248,2.5,0,1.0132e+05,288
10,248,2,0,1.0132e+05,288
10,248,1.5,0,1.0132e+05,288
10,248,1,0,1.0132e+05,288
10,248,0.5,0,1.0132e+05,288
#
10,249,3,0,1.0132e+05,288
10,249,2.5,0,1.0132e+05,288
10,249,2,0,1.0132e+05,288
10,249,1.5,0,1.0132e+05,288
10,249,1,0,1.0132e+05,288
10,249,0.5,0,1.0132e+05,288
#
10,250,3,0,1.0132e+05,288
10,250,2.5,0,1.0132e+05,288
10,250,2,0,1.0132e+05,288
10,250,1.5,0,1.0132e+05,288
10,250,1,0,1.0132e+05,288
10,250,0.5,0,1.0132e+05,288
