0.032519008964300156 -1.0569067001342773 0.4894888997077942 eye_left
-0.03251293674111366 -1.0569069385528564 0.4894890785217285 eye_right
3.1874310479906853e-06 -1.067688226699829 0.5150071382522583 forehead
3.03253091260558e-06 -1.0887665748596191 0.45331162214279175 nose
0.08636181056499481 -0.9449354410171509 0.4818561375141144 ear_left
-0.08636024594306946 -0.9449360370635986 0.4818565845489502 ear_right
2.639655349412351e-06 -1.062538981437683 0.37400951981544495 chin
-0.04848039522767067 -1.0543802976608276 0.4473119080066681 cheek_right
0.048482540994882584 -1.054379940032959 0.4473116397857666 cheek_left
1.1548399925231934e-07 -0.8839311003684998 0.13402342796325684 chest
0.00037838067510165274 -0.8179724812507629 0.5201815366744995 helmet_back
0.1756763905286789 -0.8676348924636841 0.3943701982498169 shoulder_left
-0.18115608394145966 -0.8553928732872009 0.39242589473724365 shoulder_right
