3d     1    3.251800e-02   -9.206400e-02    1.724125e+00           2.499998e-02   -7.499981e-02    1.725000e+00     -1      eye_left
3d     2   -3.251400e-02   -9.206400e-02    1.724125e+00          -2.499998e-02   -7.499981e-02    1.725000e+00     -1      eye_right
3d     3    2.000000e-06   -1.012510e-01    1.750259e+00           2.499998e-02   -1.250000e-01    1.775000e+00     -1      forehead
3d     4    2.000000e-06   -1.260940e-01    1.689981e+00           2.499998e-02   -1.250000e-01    1.675000e+00     -1      nose
3d     5    8.636100e-02    1.922300e-02    1.709601e+00           7.500005e-02    2.500010e-02    1.725000e+00     -1      ear_left
3d     6   -8.636100e-02    1.922300e-02    1.709601e+00          -7.499999e-02    2.500010e-02    1.725000e+00     -1      ear_right
3d     7    2.000000e-06   -1.048080e-01    1.609213e+00           2.499998e-02   -1.250000e-01    1.625000e+00     -1      chin
3d     8   -4.848100e-02   -9.214300e-02    1.681872e+00          -2.499998e-02   -7.499981e-02    1.675000e+00     -1      cheek_right
3d     9    4.848100e-02   -9.214300e-02    1.681872e+00           2.499998e-02   -7.499981e-02    1.675000e+00     -1      cheek_left
3d    10    0.000000e+00   -1.220000e-01    1.476477e+00          -2.499998e-02   -1.250000e-01    1.475000e+00     -1      chest
3d    11    3.780000e-04    1.483080e-01    1.740023e+00           2.499998e-02    1.250000e-01    1.725000e+00     -1      helmet_back
3d    12    1.413000e-01    7.311700e-02    1.600752e+00           1.250000e-01    7.499981e-02    1.625000e+00     -1      shoulder_left
3d    13   -1.901020e-01    6.232300e-02    1.576449e+00          -1.750000e-01    7.499981e-02    1.575000e+00     -1      shoulder_right
3d    14    1.533100e-02   -4.634844e+00    1.593118e+00           2.499998e-02   -4.625000e+00    1.575000e+00     -1      eye_left.001
3d    15   -4.007300e-02   -4.604155e+00    1.607871e+00          -2.499998e-02   -4.625000e+00    1.625000e+00     -1      eye_right.001
3d    16   -9.732000e-03   -4.627433e+00    1.626905e+00          -2.499998e-02   -4.625000e+00    1.625000e+00     -1      forehead.001
3d    17   -3.672400e-02   -4.649720e+00    1.571902e+00          -2.499998e-02   -4.625000e+00    1.575000e+00     -1      nose.001
3d    18    1.079590e-01   -4.562233e+00    1.552589e+00           1.250000e-01   -4.575000e+00    1.575000e+00     -1      ear_left.001
3d    19   -3.919300e-02   -4.480724e+00    1.591773e+00          -2.499998e-02   -4.475000e+00    1.575000e+00     -1      ear_right.001
3d    20   -4.810600e-02   -4.631468e+00    1.491192e+00          -2.499998e-02   -4.625000e+00    1.475000e+00     -1      chin.001
3d    21   -6.472400e-02   -4.596960e+00    1.570712e+00          -7.499999e-02   -4.575000e+00    1.575000e+00     -1      cheek_right.001
3d    22    1.788400e-02   -4.642717e+00    1.548715e+00           2.499998e-02   -4.625000e+00    1.525000e+00     -1      cheek_left.001
3d    23   -6.396400e-02   -4.586303e+00    1.285671e+00          -7.499999e-02   -4.575000e+00    1.275000e+00     -1      chest.001
3d    24    1.012570e-01   -4.407659e+00    1.584888e+00           1.250000e-01   -4.425000e+00    1.575000e+00     -1      helmet_back.001
3d    25    1.643790e-01   -4.538940e+00    1.438625e+00           1.750000e-01   -4.525000e+00    1.425000e+00     -1      shoulder_left.001
3d    26   -1.049490e-01   -4.376042e+00    1.506638e+00          -1.250000e-01   -4.375000e+00    1.525000e+00     -1      shoulder_right.001
3d    27   -2.569000e-02   -4.165271e+00    1.463794e+00          -2.499998e-02   -4.175000e+00    1.475000e+00     -1      eye_left.002
3d    28   -7.828800e-02   -4.130475e+00    1.479664e+00          -7.499999e-02   -4.125000e+00    1.475000e+00     -1      eye_right.002
3d    29   -4.943800e-02   -4.156034e+00    1.498079e+00          -2.499998e-02   -4.175000e+00    1.475000e+00     -1      forehead.002
3d    30   -7.914000e-02   -4.176094e+00    1.443617e+00          -7.499999e-02   -4.175000e+00    1.425000e+00     -1      nose.002
3d    31    7.138100e-02   -4.099855e+00    1.421450e+00           7.500005e-02   -4.075000e+00    1.425000e+00     -1      ear_left.002
3d    32   -6.831800e-02   -4.007440e+00    1.463600e+00          -7.499999e-02   -4.025000e+00    1.475000e+00     -1      ear_right.002
3d    33   -9.070100e-02   -4.156873e+00    1.363158e+00          -7.499999e-02   -4.175000e+00    1.375000e+00     -1      chin.002
3d    34   -1.030530e-01   -4.121350e+00    1.443008e+00          -1.250000e-01   -4.125000e+00    1.425000e+00     -1      cheek_right.002
3d    35   -2.462900e-02   -4.173231e+00    1.419346e+00          -2.499998e-02   -4.175000e+00    1.425000e+00     -1      cheek_left.002
3d    36   -0.000000e+00   -4.119302e+00    1.153113e+00          -2.499998e-02   -4.125000e+00    1.175000e+00     -1      chest.002
3d    37    7.713000e-02   -3.945281e+00    1.453937e+00           7.500005e-02   -3.925000e+00    1.475000e+00     -1      helmet_back.002
3d    38    1.571950e-01   -3.990488e+00    1.345633e+00           1.750000e-01   -3.975000e+00    1.325000e+00     -1      shoulder_left.002
3d    39   -1.741430e-01   -3.979142e+00    1.344935e+00          -1.750000e-01   -3.975000e+00    1.325000e+00     -1      shoulder_right.002
3d    40   -1.543320e-01   -3.699937e+00    1.427657e+00          -1.750000e-01   -3.675000e+00    1.425000e+00     -1      eye_left.003
3d    41   -2.193640e-01   -3.699937e+00    1.427657e+00          -2.250000e-01   -3.675000e+00    1.425000e+00     -1      eye_right.003
3d    42   -1.868480e-01   -3.706293e+00    1.454621e+00          -1.750000e-01   -3.725000e+00    1.475000e+00     -1      forehead.003
3d    43   -1.868480e-01   -3.737404e+00    1.397326e+00          -1.750000e-01   -3.725000e+00    1.375000e+00     -1      nose.003
3d    44   -1.004890e-01   -3.590824e+00    1.401384e+00          -1.250000e-01   -3.575000e+00    1.425000e+00     -1      ear_left.003
3d    45   -2.732110e-01   -3.590824e+00    1.401385e+00          -2.750000e-01   -3.575000e+00    1.425000e+00     -1      ear_right.003
3d    46   -1.868480e-01   -3.724825e+00    1.314751e+00          -1.750000e-01   -3.725000e+00    1.325000e+00     -1      chin.003
3d    47   -2.353310e-01   -3.704508e+00    1.385653e+00          -2.250000e-01   -3.725000e+00    1.375000e+00     -1      cheek_right.003
3d    48   -1.383690e-01   -3.704508e+00    1.385653e+00          -1.250000e-01   -3.725000e+00    1.375000e+00     -1      cheek_left.003
3d    49   -1.868500e-01   -3.629373e+00    1.084965e+00          -1.750000e-01   -3.625000e+00    1.075000e+00     -1      chest.003
3d    50   -1.864720e-01   -3.459236e+00    1.417910e+00          -1.750000e-01   -3.475000e+00    1.425000e+00     -1      helmet_back.003
3d    51   -2.865300e-02   -3.539643e+00    1.307071e+00          -2.499998e-02   -3.525000e+00    1.325000e+00     -1      shoulder_left.003
3d    52   -3.678220e-01   -3.527846e+00    1.300577e+00          -3.750000e-01   -3.525000e+00    1.325000e+00     -1      shoulder_right.003
3d    53    1.069440e-01   -3.280968e+00    1.456069e+00           1.250000e-01   -3.275000e+00    1.475000e+00     -1      eye_left.004
3d    54    4.455200e-02   -3.293655e+00    1.469312e+00           2.499998e-02   -3.275000e+00    1.475000e+00     -1      eye_right.004
3d    55    8.286800e-02   -3.295834e+00    1.488069e+00           7.500005e-02   -3.275000e+00    1.475000e+00     -1      forehead.004
3d    56    7.541100e-02   -3.321317e+00    1.428524e+00           7.500005e-02   -3.325000e+00    1.425000e+00     -1      nose.004
3d    57    1.339660e-01   -3.161604e+00    1.433331e+00           1.250000e-01   -3.175000e+00    1.425000e+00     -1      ear_left.004
3d    58   -3.174500e-02   -3.195302e+00    1.468504e+00          -2.499998e-02   -3.175000e+00    1.475000e+00     -1      ear_right.004
3d    59    5.479000e-02   -3.301945e+00    1.349935e+00           7.500005e-02   -3.325000e+00    1.325000e+00     -1      chin.004
3d    60    2.062900e-02   -3.297634e+00    1.431205e+00           2.499998e-02   -3.275000e+00    1.425000e+00     -1      cheek_right.004
3d    61    1.136570e-01   -3.278717e+00    1.411459e+00           1.250000e-01   -3.275000e+00    1.425000e+00     -1      cheek_left.004
3d    62    2.752000e-03   -3.129665e+00    1.151000e+00           2.499998e-02   -3.125000e+00    1.175000e+00     -1      chest.004
3d    63    3.253900e-02   -3.051231e+00    1.483451e+00           2.499998e-02   -3.075000e+00    1.475000e+00     -1      helmet_back.004
3d    64    1.870160e-01   -3.094090e+00    1.357030e+00           1.750000e-01   -3.075000e+00    1.375000e+00     -1      shoulder_left.004
3d    65   -1.633410e-01   -3.133101e+00    1.376382e+00          -1.750000e-01   -3.125000e+00    1.375000e+00     -1      shoulder_right.004
3d    66   -5.187900e-02   -2.562372e+00    1.670252e+00          -7.499999e-02   -2.575000e+00    1.675000e+00     -1      eye_left.005
3d    67   -1.145840e-01   -2.545485e+00    1.666790e+00          -1.250000e-01   -2.525000e+00    1.675000e+00     -1      eye_right.005
3d    68   -8.572400e-02   -2.557576e+00    1.695869e+00          -7.499999e-02   -2.575000e+00    1.675000e+00     -1      forehead.005
3d    69   -9.217700e-02   -2.592719e+00    1.641335e+00          -7.499999e-02   -2.575000e+00    1.625000e+00     -1      nose.005
3d    70    2.956900e-02   -2.473857e+00    1.638216e+00           2.499998e-02   -2.475000e+00    1.625000e+00     -1      ear_left.005
3d    71   -1.369750e-01   -2.429005e+00    1.629022e+00          -1.250000e-01   -2.425000e+00    1.625000e+00     -1      ear_right.005
3d    72   -8.635800e-02   -2.588169e+00    1.558135e+00          -7.499999e-02   -2.575000e+00    1.575000e+00     -1      chin.005
3d    73   -1.299090e-01   -2.549570e+00    1.624497e+00          -1.250000e-01   -2.525000e+00    1.625000e+00     -1      cheek_right.005
3d    74   -3.641500e-02   -2.574749e+00    1.629659e+00          -2.499998e-02   -2.575000e+00    1.625000e+00     -1      cheek_left.005
3d    75   -1.189100e-01   -2.529183e+00    1.319417e+00          -1.250000e-01   -2.525000e+00    1.325000e+00     -1      chest.005
3d    76   -1.918900e-02   -2.323515e+00    1.639535e+00          -2.499998e-02   -2.325000e+00    1.625000e+00     -1      helmet_back.005
3d    77    1.067870e-01   -2.518717e+00    1.503489e+00           1.250000e-01   -2.525000e+00    1.525000e+00     -1      shoulder_left.005
3d    78   -1.797700e-01   -2.334154e+00    1.528522e+00          -1.750000e-01   -2.325000e+00    1.525000e+00     -1      shoulder_right.005
3d    79    7.253300e-02   -2.117763e+00    1.522509e+00           7.500005e-02   -2.125000e+00    1.525000e+00     -1      eye_left.006
3d    80    7.832000e-03   -2.122799e+00    1.526702e+00           2.499998e-02   -2.125000e+00    1.525000e+00     -1      eye_right.006
3d    81    4.228300e-02   -2.124549e+00    1.551896e+00           2.499998e-02   -2.125000e+00    1.575000e+00     -1      forehead.006
3d    82    4.147700e-02   -2.159834e+00    1.497078e+00           2.499998e-02   -2.175000e+00    1.475000e+00     -1      nose.006
3d    83    1.156160e-01   -2.007123e+00    1.485125e+00           1.250000e-01   -2.025000e+00    1.475000e+00     -1      ear_left.006
3d    84   -5.622700e-02   -2.020500e+00    1.496261e+00          -7.499999e-02   -2.025000e+00    1.475000e+00     -1      ear_right.006
3d    85    3.560800e-02   -2.153609e+00    1.413991e+00           2.499998e-02   -2.175000e+00    1.425000e+00     -1      chin.006
3d    86   -1.014100e-02   -2.131774e+00    1.486246e+00          -2.499998e-02   -2.125000e+00    1.475000e+00     -1      cheek_right.006
3d    87    8.632900e-02   -2.124265e+00    1.479994e+00           7.500005e-02   -2.125000e+00    1.475000e+00     -1      cheek_left.006
3d    88    1.660000e-04   -2.037224e+00    1.162750e+00           2.499998e-02   -2.025000e+00    1.175000e+00     -1      chest.006
3d    89    2.025000e-02   -1.881715e+00    1.497759e+00           2.499998e-02   -1.875000e+00    1.475000e+00     -1      helmet_back.006
3d    90    1.817970e-01   -1.942926e+00    1.378993e+00           1.750000e-01   -1.925000e+00    1.375000e+00     -1      shoulder_left.006
3d    91   -1.689930e-01   -1.982280e+00    1.397701e+00          -1.750000e-01   -1.975000e+00    1.375000e+00     -1      shoulder_right.006
3d    92    3.251700e-02   -1.363166e+00    1.137601e+00           2.499998e-02   -1.375000e+00    1.125000e+00     -1      eye_left.007
3d    93   -3.251500e-02   -1.363166e+00    1.137601e+00          -2.499998e-02   -1.375000e+00    1.125000e+00     -1      eye_right.007
3d    94    1.000000e-06   -1.371446e+00    1.164037e+00           2.499998e-02   -1.375000e+00    1.175000e+00     -1      forehead.007
3d    95    1.000000e-06   -1.398353e+00    1.104651e+00           2.499998e-02   -1.375000e+00    1.125000e+00     -1      nose.007
3d    96    8.636000e-02   -1.252446e+00    1.119249e+00           7.500005e-02   -1.275000e+00    1.125000e+00     -1      ear_left.007
3d    97   -8.636200e-02   -1.252446e+00    1.119249e+00          -7.499999e-02   -1.275000e+00    1.125000e+00     -1      ear_right.007
3d    98    1.000000e-06   -1.379864e+00    1.023197e+00           2.499998e-02   -1.375000e+00    1.025000e+00     -1      chin.007
3d    99   -4.848200e-02   -1.364702e+00    1.095376e+00          -2.499998e-02   -1.375000e+00    1.075000e+00     -1      cheek_right.007
3d   100    4.848100e-02   -1.364702e+00    1.095376e+00           2.499998e-02   -1.375000e+00    1.075000e+00     -1      cheek_left.007
3d   101   -0.000000e+00   -1.242035e+00    8.133190e-01          -2.499998e-02   -1.225000e+00    8.250000e-01     -1      chest.007
3d   102    3.770000e-04   -1.122388e+00    1.145201e+00           2.499998e-02   -1.125000e+00    1.125000e+00     -1      helmet_back.007
3d   103    1.765960e-01   -1.177470e+00    1.031268e+00           1.750000e-01   -1.175000e+00    1.025000e+00     -1      shoulder_left.007
3d   104   -1.764760e-01   -1.153718e+00    1.024591e+00          -1.750000e-01   -1.175000e+00    1.025000e+00     -1      shoulder_right.007
