0.03251781687140465 -0.09206409752368927 1.724124789237976 eye_left
-0.03251412883400917 -0.09206409752368927 1.724124789237976 eye_right
1.8887220676333527e-06 -0.1012512668967247 1.750259280204773 forehead
1.8253921325595002e-06 -0.12609446048736572 1.68998122215271 nose
0.08636102825403214 0.019223010167479515 1.7096010446548462 ear_left
-0.08636102825403214 0.019223010167479515 1.7096010446548462 ear_right
1.7359851653964142e-06 -0.10480757057666779 1.6092125177383423 chin
-0.04848146811127663 -0.0921434685587883 1.681872010231018 cheek_right
0.04848146811127663 -0.0921434685587883 1.681872010231018 cheek_left
0.0 -0.12200000137090683 1.4764772653579712 chest
0.00037793812225572765 0.14830821752548218 1.7400230169296265 helmet_back
0.1412997841835022 0.07311679422855377 1.6007524728775024 shoulder_left
-0.1901022344827652 0.06232324242591858 1.576448917388916 shoulder_right
0.015331162139773369 -4.6348443031311035 1.5931178331375122 eye_left.001
-0.04007333517074585 -4.60415506362915 1.6078710556030273 eye_right.001
-0.009732440114021301 -4.627432823181152 1.626905083656311 forehead.001
-0.03672405704855919 -4.649719715118408 1.5719016790390015 nose.001
0.10795897245407104 -4.5622334480285645 1.5525894165039062 ear_left.001
-0.039192989468574524 -4.480723857879639 1.591773271560669 ear_right.001
-0.04810592904686928 -4.631468296051025 1.491192102432251 chin.001
-0.064724400639534 -4.596959590911865 1.5707118511199951 cheek_right.001
0.017883967608213425 -4.642717361450195 1.5487147569656372 cheek_left.001
-0.06396449357271194 -4.586303234100342 1.285671353340149 chest.001
0.10125689953565598 -4.407658576965332 1.584887981414795 helmet_back.001
0.1643788367509842 -4.5389404296875 1.4386248588562012 shoulder_left.001
-0.10494931787252426 -4.376042366027832 1.5066384077072144 shoulder_right.001
-0.025689568370580673 -4.165270805358887 1.463794231414795 eye_left.002
-0.07828770577907562 -4.130475044250488 1.4796640872955322 eye_right.002
-0.0494375042617321 -4.156034469604492 1.4980785846710205 forehead.002
-0.07913953810930252 -4.176093578338623 1.4436172246932983 nose.002
0.07138076424598694 -4.099855422973633 1.4214503765106201 ear_left.002
-0.06831762194633484 -4.007439613342285 1.4636001586914062 ear_right.002
-0.09070056676864624 -4.1568732261657715 1.3631583452224731 chin.002
-0.10305296629667282 -4.121350288391113 1.4430078268051147 cheek_right.002
-0.0246288999915123 -4.1732306480407715 1.419345736503601 cheek_left.002
-2.2165477275848389e-07 -4.119302272796631 1.153112530708313 chest.002
0.07713032513856888 -3.9452810287475586 1.4539369344711304 helmet_back.002
0.15719524025917053 -3.990488290786743 1.3456333875656128 shoulder_left.002
-0.17414265871047974 -3.979142189025879 1.3449351787567139 shoulder_right.002
-0.15433211624622345 -3.699936628341675 1.4276574850082397 eye_left.003
-0.21936406195163727 -3.699936628341675 1.4276574850082397 eye_right.003
-0.18684802949428558 -3.7062933444976807 1.4546207189559937 forehead.003
-0.18684811890125275 -3.7374041080474854 1.3973255157470703 nose.003
-0.10048897564411163 -3.5908243656158447 1.4013843536376953 ear_left.003
-0.2732110321521759 -3.5908243656158447 1.4013845920562744 ear_right.003
-0.18684828281402588 -3.724824905395508 1.314751386642456 chin.003
-0.2353314459323883 -3.70450758934021 1.3856526613235474 cheek_right.003
-0.13836851716041565 -3.70450758934021 1.3856526613235474 cheek_left.003
-0.186849907040596 -3.629373073577881 1.084965467453003 chest.003
-0.1864721029996872 -3.4592363834381104 1.4179102182388306 helmet_back.003
-0.028652667999267578 -3.539642810821533 1.3070712089538574 shoulder_left.003
-0.3678221106529236 -3.527846336364746 1.30057692527771 shoulder_right.003
0.10694390535354614 -3.2809677124023438 1.4560686349868774 eye_left.004
0.04455162584781647 -3.2936553955078125 1.4693118333816528 eye_right.004
0.08286778628826141 -3.2958343029022217 1.4880690574645996 forehead.004
0.07541077584028244 -3.321316957473755 1.4285236597061157 nose.004
0.13396596908569336 -3.161604166030884 1.4333308935165405 ear_left.004
-0.03174526244401932 -3.1953020095825195 1.4685041904449463 ear_right.004
0.05479034408926964 -3.3019449710845947 1.3499345779418945 chin.004
0.020629389211535454 -3.2976341247558594 1.4312047958374023 cheek_right.004
0.11365657299757004 -3.278716802597046 1.4114590883255005 cheek_left.004
0.002751680091023445 -3.129664897918701 1.150999665260315 chest.004
0.03253887966275215 -3.0512313842773438 1.483451008796692 helmet_back.004
0.18701598048210144 -3.0940897464752197 1.3570297956466675 shoulder_left.004
-0.16334082186222076 -3.1331005096435547 1.3763816356658936 shoulder_right.004
-0.05187861621379852 -2.5623719692230225 1.6702519655227661 eye_left.005
-0.11458425223827362 -2.545485019683838 1.6667900085449219 eye_right.005
-0.08572367578744888 -2.5575761795043945 1.695868730545044 forehead.005
-0.0921771377325058 -2.592719316482544 1.6413347721099854 nose.005
0.029568597674369812 -2.4738566875457764 1.638216495513916 ear_left.005
-0.13697487115859985 -2.4290053844451904 1.6290215253829956 ear_right.005
-0.08635838329792023 -2.5881690979003906 1.5581352710723877 chin.005
-0.12990915775299072 -2.549570322036743 1.6244968175888062 cheek_right.005
-0.03641476109623909 -2.574748992919922 1.6296586990356445 cheek_left.005
-0.11891021579504013 -2.5291826725006104 1.319416880607605 chest.005
-0.019189156591892242 -2.3235154151916504 1.639534592628479 helmet_back.005
0.1067865863442421 -2.518716812133789 1.503489375114441 shoulder_left.005
-0.17977002263069153 -2.3341541290283203 1.5285215377807617 shoulder_right.005
0.07253256440162659 -2.117762804031372 1.5225086212158203 eye_left.006
0.007831661030650139 -2.1227991580963135 1.526701807975769 eye_right.006
0.042283087968826294 -2.124549388885498 1.5518959760665894 forehead.006
0.041477035731077194 -2.1598336696624756 1.4970781803131104 nose.006
0.11561594903469086 -2.0071229934692383 1.4851247072219849 ear_left.006
-0.05622685328125954 -2.0204999446868896 1.496261477470398 ear_right.006
0.03560762107372284 -2.153608560562134 1.4139907360076904 chin.006
-0.010140616446733475 -2.131774425506592 1.4862456321716309 cheek_right.006
0.08632871508598328 -2.124264717102051 1.4799935817718506 cheek_left.006
0.00016631558537483215 -2.037224292755127 1.162750482559204 chest.006
0.020249515771865845 -1.8817150592803955 1.4977588653564453 helmet_back.006
0.18179696798324585 -1.9429264068603516 1.3789926767349243 shoulder_left.006
-0.1689930558204651 -1.9822800159454346 1.3977012634277344 shoulder_right.006
0.03251732140779495 -1.3631658554077148 1.1376012563705444 eye_left.007
-0.032514624297618866 -1.3631658554077148 1.137601375579834 eye_right.007
1.4104471119935624e-06 -1.3714463710784912 1.1640369892120361 forehead.007
1.328777557318972e-06 -1.3983533382415771 1.1046514511108398 nose.007
0.08636046200990677 -1.2524456977844238 1.119248628616333 ear_left.007
-0.0863615944981575 -1.2524458169937134 1.1192487478256226 ear_right.007
1.1848201211250853e-06 -1.37986421585083 1.023196816444397 chin.007
-0.04848198592662811 -1.3647022247314453 1.0953764915466309 cheek_right.007
0.04848095029592514 -1.3647021055221558 1.0953763723373413 cheek_left.007
-3.03611159324646e-07 -1.2420353889465332 0.8133193850517273 chest.007
0.0003773173375520855 -1.122388243675232 1.1452014446258545 helmet_back.007
0.17659559845924377 -1.1774699687957764 1.0312684774398804 shoulder_left.007
-0.17647555470466614 -1.1537184715270996 1.0245906114578247 shoulder_right.007
