3d     1    3.251900e-02   -1.056907e+00    4.894890e-01           2.499998e-02   -1.075000e+00    4.750000e-01     -1      eye_left
3d     2   -3.251300e-02   -1.056907e+00    4.894890e-01          -2.500001e-02   -1.075000e+00    4.750000e-01     -1      eye_right
3d     3    3.000000e-06   -1.067688e+00    5.150070e-01           2.499998e-02   -1.075000e+00    5.250000e-01     -1      forehead
3d     4    3.000000e-06   -1.088767e+00    4.533120e-01           2.499998e-02   -1.075000e+00    4.750000e-01     -1      nose
3d     5    8.636200e-02   -9.449350e-01    4.818560e-01           7.499999e-02   -9.250000e-01    4.750000e-01     -1      ear_left
3d     6   -8.636000e-02   -9.449360e-01    4.818570e-01          -7.499999e-02   -9.250000e-01    4.750000e-01     -1      ear_right
3d     7    3.000000e-06   -1.062539e+00    3.740100e-01           2.499998e-02   -1.075000e+00    3.750000e-01     -1      chin
3d     8   -4.848000e-02   -1.054380e+00    4.473120e-01          -2.500001e-02   -1.075000e+00    4.250000e-01     -1      cheek_right
3d     9    4.848300e-02   -1.054380e+00    4.473120e-01           2.499998e-02   -1.075000e+00    4.250000e-01     -1      cheek_left
3d    10    0.000000e+00   -8.839310e-01    1.340230e-01          -2.500001e-02   -8.750000e-01    1.250000e-01     -1      chest
3d    11    3.780000e-04   -8.179720e-01    5.201820e-01          -2.500001e-02   -8.750000e-01    4.750000e-01     -1      helmet_back
3d    12    1.756760e-01   -8.676350e-01    3.943700e-01           1.250000e-01   -9.250000e-01    3.250000e-01     -1      shoulder_left
3d    13   -1.811560e-01   -8.553930e-01    3.924260e-01          -1.750000e-01   -8.750000e-01    3.750000e-01     -1      shoulder_right
